From Date,To Date,T,TM,Tm,SLP,H,PP,VV,V,VM
1-may-2015-00:00,2-may-2015-00:00,31.2,39.4,24.2,1005.8,52,-,2.7,5.4,14.8,
2-may-2015-00:00,3-may-2015-00:00,30.2,37.6,23.6,1006.3,47,0.25,2.6,4.4,11.1,
3-may-2015-00:00,4-may-2015-00:00,30.9,38.9,21.7,1006.7,44,0,2.7,3,11.1,
4-may-2015-00:00,5-may-2015-00:00,30.8,39.5,22,1006.6,43,0,4.2,3.9,13,
5-may-2015-00:00,6-may-2015-00:00,32.3,40.8,21.3,1004.1,34,0,2.6,7.6,20.6,
6-may-2015-00:00,7-may-2015-00:00,34.2,42.7,24.5,1002,27,0,2.7,11.3,22.2,
7-may-2015-00:00,8-may-2015-00:00,35.7,42.7,27.6,1003.4,21,0,1.9,14.4,27.8,
8-may-2015-00:00,9-may-2015-00:00,34.1,42.7,27,1003.2,29,0,1.9,12.2,27.8,
9-may-2015-00:00,10-may-2015-00:00,35.1,42.7,25.7,1001.6,35,0,2.3,8.3,18.3,
10-may-2015-00:00,11-may-2015-00:00,35.1,42.6,26.2,1001.4,33,0,2.3,6.9,14.8,
11-may-2015-00:00,12-may-2015-00:00,34.4,42.3,28.2,1003.5,40,0,1.9,10.4,27.8,
12-may-2015-00:00,13-may-2015-00:00,33.1,39.8,26,1004.9,54,0,1.9,5.9,11.1,
13-may-2015-00:00,14-may-2015-00:00,28.3,38.7,23.8,1006.5,65,2.03,2.4,7.8,14.8,
14-may-2015-00:00,15-may-2015-00:00,29.9,35.9,22,1007.4,56,0,2.6,4.4,11.1,
15-may-2015-00:00,16-may-2015-00:00,28.7,35.8,24.2,1006.5,58,0.51,1.9,7,18.3,
16-may-2015-00:00,17-may-2015-00:00,30.1,37,22,1003.5,58,0,1.9,4.3,11.1,
17-may-2015-00:00,18-may-2015-00:00,33.2,40.3,24.8,1001.1,47,0,2.7,8.3,11.1,
18-may-2015-00:00,19-may-2015-00:00,35.6,42.4,28.1,1000,43,0,2.6,5.6,11.1,
19-may-2015-00:00,20-may-2015-00:00,31.4,41.5,24.9,1002.2,50,0,1.8,14.8,50,
20-may-2015-00:00,21-may-2015-00:00,33.2,41.5,22.4,1002,38,0,2.4,14.6,22.2,
21-may-2015-00:00,22-may-2015-00:00,35.8,42.6,27,1000.4,30,0,2.6,11.3,24.1,
22-may-2015-00:00,23-may-2015-00:00,36.3,43.6,27,998.2,26,0,2.7,12.4,18.3,
23-may-2015-00:00,24-may-2015-00:00,37.3,44.5,29.3,996.2,29,0,2.7,12.8,22.2,
24-may-2015-00:00,25-may-2015-00:00,36.2,44.5,27.5,997.3,36,0,2.3,5.2,14.8,
25-may-2015-00:00,26-may-2015-00:00,37.8,45.5,28,996.7,29,0,2.6,10.9,22.2,
26-may-2015-00:00,27-may-2015-00:00,35.3,45.5,24.4,999.2,33,-,2.3,17,55.4,
27-may-2015-00:00,28-may-2015-00:00,33.8,45,24.8,1001.3,26,0,2.6,6.7,18.3,
28-may-2015-00:00,29-may-2015-00:00,35.1,41.1,29,1000.3,37,0,1.9,8,31.7,
29-may-2015-00:00,30-may-2015-00:00,35.1,42,27,1001.9,35,0,1.9,8,14.8,
30-may-2015-00:00,31-may-2015-00:00,35.3,42.6,27.6,1001.8,36,0,1.9,9.6,25.9,
31-may-2015-00:00,32-may-2015-00:00,35.3,40.6,28.9,1000.7,30,0,1.9,15.2,27.8,
1-june-2015-00:00,2-june-2015-00:00,30.1,40.6,23.5,1002.2,47,0,1.9,14.3,29.4,
2-june-2015-00:00,3-june-2015-00:00,31.6,39.9,22.2,1003.4,46,3.05,1.9,8.5,20.6,
3-june-2015-00:00,4-june-2015-00:00,28.7,34.1,23.6,1004.3,59,0.51,1.9,6.7,11.1,
4-june-2015-00:00,5-june-2015-00:00,31.8,38.6,23.7,1004.1,55,0,1.9,4.8,13,
5-june-2015-00:00,6-june-2015-00:00,32.8,38.8,26,1003.5,47,0,1.9,5.9,18.3,
6-june-2015-00:00,7-june-2015-00:00,33.3,38.8,25.8,1001.3,45,0,2.3,7.8,18.3,
7-june-2015-00:00,8-june-2015-00:00,35.1,42.5,26,999.4,42,0,2.6,7.2,16.5,
8-june-2015-00:00,9-june-2015-00:00,36.3,42.9,27.7,998.7,38,0,2.6,6.3,22.2,
9-june-2015-00:00,10-june-2015-00:00,37.6,42.4,30,998.8,32,0,1.9,18.7,27.8,
10-june-2015-00:00,11-june-2015-00:00,36.7,42.4,31.6,999.8,42,0,1.9,19.1,27.8,
11-june-2015-00:00,12-june-2015-00:00,35.8,41.7,29.6,1000,43,0,2.6,18.3,29.4,
12-june-2015-00:00,13-june-2015-00:00,35.9,41.6,29,998.5,43,0,2.7,12.8,22.2,
13-june-2015-00:00,14-june-2015-00:00,31.9,41.6,28,998.8,52,0,2.3,9.4,14.8,
14-june-2015-00:00,15-june-2015-00:00,27,39.7,20.5,1000.2,82,25.91,1.9,3.9,13,
15-june-2015-00:00,16-june-2015-00:00,30.8,34.9,25.5,999.4,66,1.02,1.9,3.1,9.4,
16-june-2015-00:00,17-june-2015-00:00,32.3,38.6,26,999.3,58,0,1.9,2.8,13,
17-june-2015-00:00,18-june-2015-00:00,33.8,39.7,26.2,998.1,56,0,1.9,3.1,11.1,
18-june-2015-00:00,19-june-2015-00:00,35.1,41.1,27.7,997.3,52,0,1.9,3,7.6,
19-june-2015-00:00,20-june-2015-00:00,35.9,41.6,29,996.7,54,0,1.9,8.5,18.3,
20-june-2015-00:00,21-june-2015-00:00,33,42.3,27.2,997.8,56,0,1.9,13,25.9,
21-june-2015-00:00,22-june-2015-00:00,30.4,34.4,25.3,997,70,7.11,1.9,5.6,20.6,
22-june-2015-00:00,23-june-2015-00:00,32.1,38.2,28.6,995.5,65,0,2.7,4.4,14.8,
23-june-2015-00:00,24-june-2015-00:00,31.6,39.4,27.2,994.9,67,1.02,2.6,3.7,14.8,
24-june-2015-00:00,25-june-2015-00:00,29.8,35.2,24.2,995.5,75,1.02,1.3,7.4,9.4,
25-june-2015-00:00,26-june-2015-00:00,26.5,36.8,22.4,994.9,86,21.08,1.8,6.3,11.1,
26-june-2015-00:00,27-june-2015-00:00,31.5,36.8,24,994.7,62,0.25,1.8,11.7,22.2,
27-june-2015-00:00,28-june-2015-00:00,32.7,38,27,996.9,56,0,1.9,14.1,29.4,
28-june-2015-00:00,29-june-2015-00:00,34.4,39,27,999.7,56,0,1.9,9.1,20.6,
29-june-2015-00:00,30-june-2015-00:00,31.1,39,26.2,1004,64,0,1.9,11.7,18.3,
30-june-2015-00:00,31-june-2015-00:00,31.1,36.2,27.7,1002.3,65,0,1.9,10,14.8,
1-july-2015-00:00,2-july-2015-00:00,31.9,37.8,25,1001.8,61,0,1.9,4.3,9.4,
2-july-2015-00:00,3-july-2015-00:00,33.8,38.9,27,1001.1,54,0,1.9,7,13,
3-july-2015-00:00,4-july-2015-00:00,33.4,39.8,27.6,999.7,54,0,1.9,13,25.9,
4-july-2015-00:00,5-july-2015-00:00,34.1,39.8,26.6,997.8,60,0,1.9,16.9,27.8,
5-july-2015-00:00,6-july-2015-00:00,35.3,38.4,31.2,995.3,56,0,1.8,13.5,25.9,
6-july-2015-00:00,7-july-2015-00:00,27.8,38.4,25.6,997.9,85,6.1,1.9,9.3,13,
7-july-2015-00:00,8-july-2015-00:00,28.3,33.6,23.3,998.4,87,10.92,1.9,1.7,7.6,
8-july-2015-00:00,9-july-2015-00:00,31.2,35.8,24.8,998.6,77,26.92,1.9,2.8,11.1,
9-july-2015-00:00,10-july-2015-00:00,29.7,35.8,25.2,998.9,82,1.02,1.9,2.6,9.4,
10-july-2015-00:00,11-july-2015-00:00,27,33.4,26,998.6,93,1.02,1.4,5,20.6,
11-july-2015-00:00,12-july-2015-00:00,25.5,27.9,23,999.6,99,0,0.6,3.1,11.1,
12-july-2015-00:00,13-july-2015-00:00,25.5,26.6,23,998.7,96,69.09,1.8,7.4,18.3,
13-july-2015-00:00,14-july-2015-00:00,29.9,33.7,23.3,1000.6,78,7.11,2.6,4.8,11.1,
14-july-2015-00:00,15-july-2015-00:00,31.1,35.6,26.4,998.5,73,0,1.9,10.9,18.3,
15-july-2015-00:00,16-july-2015-00:00,33.4,37,27,994.1,61,0,1.9,17.2,29.4,
16-july-2015-00:00,17-july-2015-00:00,31.8,37.5,28.9,994.4,68,0,1.9,13.3,18.3,
17-july-2015-00:00,18-july-2015-00:00,30.9,37.5,27,997.3,80,0.25,1.9,4.4,13,
18-july-2015-00:00,19-july-2015-00:00,29.6,34.8,27.2,997.9,83,0,1.9,4.1,14.8,
19-july-2015-00:00,20-july-2015-00:00,30.1,34.7,26,997.7,76,2.03,1.9,0.7,5.4,
20-july-2015-00:00,21-july-2015-00:00,29.1,34.7,24.4,999.2,82,3.05,1.9,4.8,11.1,
21-july-2015-00:00,22-july-2015-00:00,31.5,35.7,25.7,999.9,74,4.06,1.9,8.1,13,
22-july-2015-00:00,23-july-2015-00:00,32.3,36.7,27.5,1001,70,0,1.9,8,11.1,
23-july-2015-00:00,24-july-2015-00:00,32.1,36.7,27.6,1001.7,72,0,1.9,8.7,14.8,
24-july-2015-00:00,25-july-2015-00:00,32,36.5,27.8,1000.9,71,0,1.9,6.7,14.8,
25-july-2015-00:00,26-july-2015-00:00,31.3,36.5,27.3,999.3,73,0,2.7,8.7,14.8,
26-july-2015-00:00,27-july-2015-00:00,30,36.6,27,998.8,76,6.1,2.6,16.9,25.9,
27-july-2015-00:00,28-july-2015-00:00,29.7,34.7,24.6,1000.2,74,4.06,2.7,11.3,18.3,
28-july-2015-00:00,29-july-2015-00:00,29.5,34.7,24.5,1000.1,68,0.25,2.6,11.5,18.3,
29-july-2015-00:00,30-july-2015-00:00,28.6,34.1,24.2,997.9,75,0,1.9,10.9,18.3,
30-july-2015-00:00,31-july-2015-00:00,29,32,25.2,998.8,74,0,1.9,10,14.8,
31-july-2015-00:00,32-july-2015-00:00,28.9,31.6,25,999.7,77,0.51,1.9,4.1,14.8,
1-aug-2015-00:00,2-aug-2015-00:00,28.4,32.6,25.4,1002.7,77,2.03,1.9,0.9,7.6,
2-aug-2015-00:00,3-aug-2015-00:00,29.8,33.9,25,1003.5,75,0.25,1.9,2.6,7.6,
3-aug-2015-00:00,4-aug-2015-00:00,31.6,35.5,25.4,1001.9,63,0,1.9,5.4,11.1,
4-aug-2015-00:00,5-aug-2015-00:00,31.2,36.8,26,999.6,73,-,1.9,1.9,9.4,
5-aug-2015-00:00,6-aug-2015-00:00,29.9,36.8,26.5,998.5,82,0.25,1.9,3.7,11.1,
6-aug-2015-00:00,7-aug-2015-00:00,29.8,35.1,25.5,998.2,83,14.99,1.8,3,5.4,
7-aug-2015-00:00,8-aug-2015-00:00,29.4,34.4,26.4,999.9,86,0,1.8,2.2,14.8,
8-aug-2015-00:00,9-aug-2015-00:00,28.8,34.4,25.3,1001.7,88,16,1.6,1.7,7.6,
9-aug-2015-00:00,10-aug-2015-00:00,27.5,30.8,25,1000.2,92,29.97,1.3,3,7.6,
10-aug-2015-00:00,11-aug-2015-00:00,30.6,34.7,25.5,999.9,81,40.89,1.8,0,-,
11-aug-2015-00:00,12-aug-2015-00:00,28.4,34.6,26.4,1003,90,99.31,1.4,0.4,3.5,
12-aug-2015-00:00,13-aug-2015-00:00,30.5,35.5,26.5,1003.2,79,0,1.6,0,-,
13-aug-2015-00:00,14-aug-2015-00:00,31.9,35.8,28,1001.8,75,0,1.9,0.4,3.5,
14-aug-2015-00:00,15-aug-2015-00:00,30.9,35.8,28.6,1001.8,78,0,1.9,3.3,14.8,
15-aug-2015-00:00,16-aug-2015-00:00,28.5,33.8,26.2,1002.7,88,7.87,1.4,0,-,
16-aug-2015-00:00,17-aug-2015-00:00,28.4,34.6,26.4,1002.4,87,2.03,1.8,2.4,14.8,
17-aug-2015-00:00,18-aug-2015-00:00,30.7,35.2,26.5,1001.4,77,6.1,1.9,0.7,5.4,
18-aug-2015-00:00,19-aug-2015-00:00,29.3,35.2,26.7,1002.3,77,0,1.9,4.8,16.5,
19-aug-2015-00:00,20-aug-2015-00:00,31.6,35.6,25.8,1002.7,67,2.03,2.9,13,22.2,
20-aug-2015-00:00,21-aug-2015-00:00,30.9,35.5,27.7,1001.5,66,0,1.9,14.6,27.8,
21-aug-2015-00:00,22-aug-2015-00:00,29.5,34.5,27.6,1002,77,7.11,1.9,8.5,18.3,
22-aug-2015-00:00,23-aug-2015-00:00,30.1,33.6,26.3,1000.8,72,0,1.9,5.7,14.8,
23-aug-2015-00:00,24-aug-2015-00:00,30,35.2,25.1,1000.9,74,-,1.8,5.6,13,
24-aug-2015-00:00,25-aug-2015-00:00,30.7,35.2,23.6,1001.9,71,55.88,2.6,7.2,16.5,
25-aug-2015-00:00,26-aug-2015-00:00,32,35.6,27,1000.9,64,0,3.4,10,20.6,
26-aug-2015-00:00,27-aug-2015-00:00,31.9,36.2,28,1001.1,68,0,2.6,4.8,14.8,
27-aug-2015-00:00,28-aug-2015-00:00,32.4,36.9,28.1,1001.9,68,0,2.7,5.4,11.1,
28-aug-2015-00:00,29-aug-2015-00:00,32.2,36.9,28.6,1002.5,69,0,1.9,2.2,7.6,
29-aug-2015-00:00,30-aug-2015-00:00,32.3,37,27.5,1001.3,65,0,1.9,5.7,11.1,
30-aug-2015-00:00,31-aug-2015-00:00,32.7,37,29.2,1001.3,63,0,1.9,9.3,18.3,
31-aug-2015-00:00,32-aug-2015-00:00,32.2,36.8,28.4,1002,61,0,2.6,14.6,24.1,
1-sept-2015-00:00,2-sept-2015-00:00,32.1,36.6,28,1000.8,56,0,1.9,15.4,25.9,
2-sept-2015-00:00,3-sept-2015-00:00,31.9,36.6,27.5,1001.7,54,0,1.9,12.8,24.1,
3-sept-2015-00:00,4-sept-2015-00:00,31.4,36.5,27.6,1005.5,56,0,1.9,11.7,25.9,
4-sept-2015-00:00,5-sept-2015-00:00,31.9,37.1,26.9,1008,49,0,3.1,11.3,22.2,
5-sept-2015-00:00,6-sept-2015-00:00,31,37.1,26.5,1007.1,54,0,2.6,7.6,22.2,
6-sept-2015-00:00,7-sept-2015-00:00,32,36.6,25.5,1006.1,49,0,1.9,8.7,24.1,
7-sept-2015-00:00,8-sept-2015-00:00,31.5,36.9,26.6,1005.7,53,0,1.9,9.4,22.2,
8-sept-2015-00:00,9-sept-2015-00:00,31.9,36.9,26.8,1005.8,54,0,2.7,11.9,35.2,
9-sept-2015-00:00,10-sept-2015-00:00,31,36.7,26.4,1005.7,54,0,2.6,10.2,31.7,
10-sept-2015-00:00,11-sept-2015-00:00,31.5,37.6,25.5,1006.7,52,0,2.6,8.5,18.3,
11-sept-2015-00:00,12-sept-2015-00:00,30.9,37.5,25.5,1006.3,55,0,2.7,6.1,14.8,
12-sept-2015-00:00,13-sept-2015-00:00,32.3,37.8,25.7,1006.4,59,0,1.9,3.1,7.6,
13-sept-2015-00:00,14-sept-2015-00:00,32.2,37.9,27.3,1005.8,61,0,1.9,1.3,3.5,
14-sept-2015-00:00,15-sept-2015-00:00,31.8,37.9,26.8,1003.5,59,0,1.9,2.6,9.4,
15-sept-2015-00:00,16-sept-2015-00:00,32.9,38,27.5,1003.3,62,0,1.9,0.4,3.5,
16-sept-2015-00:00,17-sept-2015-00:00,32.4,38,28.3,1003.5,62,0,1.9,1.3,5.4,
17-sept-2015-00:00,18-sept-2015-00:00,31.6,37.5,26.5,1004.5,65,0,1.9,1.1,5.4,
18-sept-2015-00:00,19-sept-2015-00:00,31.2,36.5,27.2,1005.3,73,0,3.1,7.4,14.8,
19-sept-2015-00:00,20-sept-2015-00:00,30.4,35.9,26,1003.6,78,22.1,1.6,2,7.6,
20-sept-2015-00:00,21-sept-2015-00:00,29.1,34.8,27.2,1003.4,76,0,1.9,4.6,11.1,
21-sept-2015-00:00,22-sept-2015-00:00,30.2,36.5,26.2,1002.3,70,0,1.9,5.7,14.8,
22-sept-2015-00:00,23-sept-2015-00:00,30.1,35.8,26.5,1002.3,70,0.25,1.9,10.2,14.8,
23-sept-2015-00:00,24-sept-2015-00:00,28.6,35.2,25.2,1006.5,68,0,1.9,13.7,24.1,
24-sept-2015-00:00,25-sept-2015-00:00,28.3,33.7,24.6,1004.6,59,0,1.9,11.5,25.9,
25-sept-2015-00:00,26-sept-2015-00:00,28.4,33.9,23.5,1003.8,55,0,2.6,8.5,20.6,
26-sept-2015-00:00,27-sept-2015-00:00,29.4,35.1,23.7,1005.3,60,0,2.3,6.3,14.8,
27-sept-2015-00:00,28-sept-2015-00:00,28.6,35.2,25,1007.2,64,0,2.3,3,9.4,
28-sept-2015-00:00,29-sept-2015-00:00,28.3,35.2,23.8,1008.9,63,0,1.9,3.9,11.1,
29-sept-2015-00:00,30-sept-2015-00:00,29.1,34.3,22.7,1010.6,59,0,2.6,9.4,18.3,
30-sept-2015-00:00,31-sept-2015-00:00,28.9,35,22.5,1011.5,54,0,3.5,8.3,14.8,
1-oct-2015-00:00,2-oct-2015-00:00,28.1,35.3,21.5,1011.8,56,0,2.6,5.6,13,
2-oct-2015-00:00,3-oct-2015-00:00,28.3,35.5,20.6,1011.1,57,0,3.2,5,-,
3-oct-2015-00:00,4-oct-2015-00:00,30.1,36.1,23.7,1007.8,58,0,3.1,5.7,-,
4-oct-2015-00:00,5-oct-2015-00:00,29.1,37.2,22.4,1008,60,0,3.1,3,9.4,
5-oct-2015-00:00,6-oct-2015-00:00,28.9,37.2,22,1009.5,65,0,2.3,1.5,7.6,
6-oct-2015-00:00,7-oct-2015-00:00,28.4,36.8,22.8,1008.9,68,0,2.6,4.6,14.8,
7-oct-2015-00:00,8-oct-2015-00:00,28.6,35.6,22.7,1009,72,0,1.9,6.5,18.3,
8-oct-2015-00:00,9-oct-2015-00:00,28.5,35.4,23.2,1007.3,70,0,1.9,4.4,14.8,
9-oct-2015-00:00,10-oct-2015-00:00,28.6,36,21.8,1004.3,65,0,1.9,6.1,24.1,
10-oct-2015-00:00,11-oct-2015-00:00,28.6,36.9,20.2,1005,60,0,2.6,6.7,18.3,
11-oct-2015-00:00,12-oct-2015-00:00,28.6,36.9,21.2,1008.5,56,0,3.2,6.9,18.3,
12-oct-2015-00:00,13-oct-2015-00:00,29.3,36.8,21.5,1010.1,61,0,2.6,3.1,13,
13-oct-2015-00:00,14-oct-2015-00:00,29.6,35.5,25,1011,69,0,1.9,3.7,9.4,
14-oct-2015-00:00,15-oct-2015-00:00,28.2,34.9,22.9,1012.7,70,0,1.9,3.9,9.4,
15-oct-2015-00:00,16-oct-2015-00:00,27.6,34.9,21.5,1013.6,71,0.51,1.8,0.4,3.5,
16-oct-2015-00:00,17-oct-2015-00:00,28.1,35.3,21.8,1013.6,69,0,1.9,0.9,3.5,
17-oct-2015-00:00,18-oct-2015-00:00,28.2,35.3,22.6,1012.1,69,0,1.9,3.7,11.1,
18-oct-2015-00:00,19-oct-2015-00:00,26.8,35.1,22,1013.4,75,0,1.9,0.6,-,
19-oct-2015-00:00,20-oct-2015-00:00,28.2,36.1,21.9,1011.7,70,0,1.9,3.5,9.4,
20-oct-2015-00:00,21-oct-2015-00:00,27.7,36.2,22.9,1009.9,69,0,1.9,3,9.4,
21-oct-2015-00:00,22-oct-2015-00:00,26.6,36.2,21,1012,68,0,1.6,2,7.6,
22-oct-2015-00:00,23-oct-2015-00:00,24.7,33.6,17.8,1012.1,61,0,1.9,4.4,14.8,
23-oct-2015-00:00,24-oct-2015-00:00,24.1,33.2,17.3,1011.9,58,0,1.9,4.8,14.8,
24-oct-2015-00:00,25-oct-2015-00:00,24.9,33.7,18,1011.6,58,0,1.9,1.3,5.4,
25-oct-2015-00:00,26-oct-2015-00:00,26.4,34.4,18.3,1012.8,53,0,2.1,5.4,14.8,
26-oct-2015-00:00,27-oct-2015-00:00,25.4,34.4,20.3,1015,59,0,1.9,5.6,16.5,
27-oct-2015-00:00,28-oct-2015-00:00,24.7,33.3,18.5,1014,61,0,2.3,3.5,7.6,
28-oct-2015-00:00,29-oct-2015-00:00,20.8,26.3,17.6,1015.7,65,0,1.9,8,24.1,
29-oct-2015-00:00,30-oct-2015-00:00,22.1,28.8,15.3,1016.8,69,0,1.9,1.9,3.5,
30-oct-2015-00:00,31-oct-2015-00:00,22.4,29.7,15.9,1016.8,71,0,2.7,1.5,5.4,
31-oct-2015-00:00,32-oct-2015-00:00,22.3,29.8,15.6,1016,73,0,1.6,1.1,5.4,
1-nov-2015-00:00,2-nov-2015-00:00,22.9,31.4,16.2,1016.1,73,0,1.4,0.9,3.5,
2-nov-2015-00:00,3-nov-2015-00:00,23.4,31.8,17.3,1015.8,75,0,1.6,0.4,3.5,
3-nov-2015-00:00,4-nov-2015-00:00,23.9,31.8,18.6,1014.2,73,0,1.8,0.4,1.9,
4-nov-2015-00:00,5-nov-2015-00:00,23.8,31.9,17.5,1012.2,72,0,1.6,0.9,3.5,
5-nov-2015-00:00,6-nov-2015-00:00,22.2,31.9,19.6,1012.4,79,0,1.9,5,9.4,
6-nov-2015-00:00,7-nov-2015-00:00,23,30.2,17.4,1012.4,79,0,1.4,2.2,7.6,
7-nov-2015-00:00,8-nov-2015-00:00,21.9,30.2,16.1,1014.8,79,0,0.5,1.1,7.6,
8-nov-2015-00:00,9-nov-2015-00:00,21.9,29,17.1,1016,75,0,1.1,1.9,5.4,
9-nov-2015-00:00,10-nov-2015-00:00,22.1,29.8,16.1,1015,77,0,1.3,0.7,3.5,
10-nov-2015-00:00,11-nov-2015-00:00,22.7,29.8,16,1013.4,77,0,1,0.7,5.4,
11-nov-2015-00:00,12-nov-2015-00:00,21.8,29.4,15.4,1014.4,64,0,1.4,4.6,13,
12-nov-2015-00:00,13-nov-2015-00:00,21.9,29.3,16.5,1015.2,65,0,1.6,5.7,16.5,
13-nov-2015-00:00,14-nov-2015-00:00,22.3,29.3,16.1,1014.9,64,0,0.8,5.4,18.3,
14-nov-2015-00:00,15-nov-2015-00:00,22.4,29.8,16.5,1012,65,0,1.1,3.5,13,
15-nov-2015-00:00,16-nov-2015-00:00,22.6,32,15,1011.9,66,0,1.6,0,-,
16-nov-2015-00:00,17-nov-2015-00:00,21.9,32,16,1012.4,56,0,1.9,2.8,7.6,
17-nov-2015-00:00,18-nov-2015-00:00,19.9,29.2,13.9,1013.5,55,0,2.4,5,14.8,
18-nov-2015-00:00,19-nov-2015-00:00,18.6,28.6,11,1016.4,62,0,1.4,4.4,11.1,
19-nov-2015-00:00,20-nov-2015-00:00,18.5,27.7,11.5,1017.6,68,0,1.3,0.9,7.6,
20-nov-2015-00:00,21-nov-2015-00:00,18.6,27.7,11.4,1016.4,69,0,1.1,0.4,3.5,
21-nov-2015-00:00,22-nov-2015-00:00,18.8,28.5,11.5,1015.4,69,0,0.8,1.3,3.5,
22-nov-2015-00:00,23-nov-2015-00:00,18.7,29.2,11.8,1015.1,68,0,1.3,0.4,3.5,
23-nov-2015-00:00,24-nov-2015-00:00,17.1,29.3,11,1015.8,74,0,1.1,0,-,
24-nov-2015-00:00,25-nov-2015-00:00,18.5,29.3,11.1,1016.1,66,0,1,1.7,13,
25-nov-2015-00:00,26-nov-2015-00:00,19.3,28,13,1014.7,61,0,1.9,5.7,18.3,
26-nov-2015-00:00,27-nov-2015-00:00,20,29.1,11.9,1012.6,64,0,1.4,0.9,7.6,
27-nov-2015-00:00,28-nov-2015-00:00,18.4,29.1,13.5,1011.4,71,0,1.3,2.6,7.6,
28-nov-2015-00:00,29-nov-2015-00:00,19.1,24.5,14.7,1015.7,84,0,0.5,1.3,5.4,
29-nov-2015-00:00,30-nov-2015-00:00,18.2,24.5,12.2,1018.1,85,0,0.3,1.1,5.4,
30-nov-2015-00:00,31-nov-2015-00:00,19.7,28,14,1016.7,84,0,0.5,0.9,7.6,
1-dec-2015-00:00,2-dec-2015-00:00,19.3,28,13.8,1014.7,81,0,0.6,1.7,7.6,
2-dec-2015-00:00,3-dec-2015-00:00,17.9,26.2,13.5,1016.2,75,0,0.8,2,11.1,
3-dec-2015-00:00,4-dec-2015-00:00,17.6,24.6,11.2,1016.1,75,0,0.8,7,18.3,
4-dec-2015-00:00,5-dec-2015-00:00,17.7,26.7,12.4,1014.9,71,0,1.3,4.6,14.8,
5-dec-2015-00:00,6-dec-2015-00:00,17.4,27.6,10.1,1015.8,74,0,1,0.9,7.6,
6-dec-2015-00:00,7-dec-2015-00:00,17.2,27.6,10.5,1016.4,78,0,0.6,1.5,9.4,
7-dec-2015-00:00,8-dec-2015-00:00,17.8,26.2,11,1017.1,79,0,0.6,2,7.6,
8-dec-2015-00:00,9-dec-2015-00:00,20.2,27,12,1015.8,68,0,1,1.3,5.4,
9-dec-2015-00:00,10-dec-2015-00:00,19.2,26.9,11.6,1015.4,78,0,1,4.8,14.8,
10-dec-2015-00:00,11-dec-2015-00:00,20.1,25.5,13.7,1011.7,74,0,1,3.7,9.4,
11-dec-2015-00:00,12-dec-2015-00:00,18.3,25.5,13.4,1011.3,76,0,1,6.3,18.3,
12-dec-2015-00:00,13-dec-2015-00:00,13.7,22.2,10.8,1014.3,91,0,0.5,6.5,14.8,
13-dec-2015-00:00,14-dec-2015-00:00,14.8,21,6.8,1016.4,63,0,2.4,5.4,13,
14-dec-2015-00:00,15-dec-2015-00:00,14.6,21.3,6,1017.1,59,0,2.6,8.1,14.8,
15-dec-2015-00:00,16-dec-2015-00:00,15.2,22.2,7,1016.5,60,0,2.4,7,14.8,
16-dec-2015-00:00,17-dec-2015-00:00,15.3,23.3,5.2,1016.3,56,0,2.6,1.7,7.6,
17-dec-2015-00:00,18-dec-2015-00:00,13.6,23.3,5.4,1016.9,72,0,1.3,1.7,7.6,
18-dec-2015-00:00,19-dec-2015-00:00,14.4,21.2,6.4,1018.7,68,0,1.1,5.9,14.8,
19-dec-2015-00:00,20-dec-2015-00:00,14.4,21.1,6.8,1019.1,65,0,1.6,5.6,13,
20-dec-2015-00:00,21-dec-2015-00:00,12.6,21,0,1018.9,68,0,1.4,2.6,9.4,
21-dec-2015-00:00,22-dec-2015-00:00,13.7,21,5.6,1018.8,71,0,1.3,1.5,7.6,
22-dec-2015-00:00,23-dec-2015-00:00,13.6,21,6,1020.9,75,0,0.8,0.4,5.4,
23-dec-2015-00:00,24-dec-2015-00:00,13.6,20.4,6.5,1020.6,80,0,0.6,4.6,9.4,
24-dec-2015-00:00,25-dec-2015-00:00,13.1,19.2,6.7,1021.3,67,0,1.3,8.5,18.3,
25-dec-2015-00:00,26-dec-2015-00:00,13.3,19.3,5.5,1021.9,62,0,1.9,7.8,14.8,
26-dec-2015-00:00,27-dec-2015-00:00,14.4,21.5,5.5,1021,60,0,1.8,8.9,18.3,
27-dec-2015-00:00,28-dec-2015-00:00,16.3,22.5,7.6,1020.6,64,0,1.4,8.1,14.8,
28-dec-2015-00:00,29-dec-2015-00:00,18.3,24.5,12,1020.8,58,0,2.1,14.1,22.2,
29-dec-2015-00:00,30-dec-2015-00:00,17.8,24.5,10.6,1018.2,64,0,1.6,10.2,18.3,
30-dec-2015-00:00,31-dec-2015-00:00,18,25.1,8.5,1017.7,64,0,1.3,3.5,9.4,
31-dec-2015-00:00,32-dec-2015-00:00,-,-,-,-,-,-,-,-,-,
1-jan-2016-00:00,2-jan-2016-00:00,16.9,25.1,6.6,1021.3,65,0,1.1,2,7.6,
2-jan-2016-00:00,3-jan-2016-00:00,15.5,24.1,7.7,1021,71,0,1.1,3.5,11.1,
3-jan-2016-00:00,4-jan-2016-00:00,14.9,22.8,8,1018.4,73,0,1.1,5.9,13,
4-jan-2016-00:00,5-jan-2016-00:00,16.5,23.2,8,1017.6,76,0,0.6,0,-,
5-jan-2016-00:00,6-jan-2016-00:00,18.6,26.5,11,1017.1,75,0,1,1.9,5.4,
6-jan-2016-00:00,7-jan-2016-00:00,18.7,26.5,11.6,1016.6,78,0,1,3.5,11.1,
7-jan-2016-00:00,8-jan-2016-00:00,18.3,24.7,11.5,1018.1,85,0,0.5,1.1,7.6,
8-jan-2016-00:00,9-jan-2016-00:00,16.5,24.7,12,1017.4,82,0,0.6,8,13,
9-jan-2016-00:00,10-jan-2016-00:00,16.6,22.2,10.2,1015.4,65,0,1.8,10,20.6,
10-jan-2016-00:00,11-jan-2016-00:00,17.6,24.4,8.7,1017.5,68,0,2.1,4.8,13,
11-jan-2016-00:00,12-jan-2016-00:00,17.4,25.5,8.5,1017.5,67,0,1.6,2.6,9.4,
12-jan-2016-00:00,13-jan-2016-00:00,18,25.5,8.5,1014.8,69,0,1.6,5.9,14.8,
13-jan-2016-00:00,14-jan-2016-00:00,18.2,25.1,12,1014.4,77,-,0.6,5,11.1,
14-jan-2016-00:00,15-jan-2016-00:00,15.6,23.2,10.9,1015.6,82,0,0.6,4.3,9.4,
15-jan-2016-00:00,16-jan-2016-00:00,13,19,9.6,1016.9,85,0,0.8,10.7,16.5,
16-jan-2016-00:00,17-jan-2016-00:00,13.6,17,10.4,1014.8,82,0,1.1,11.3,24.1,
17-jan-2016-00:00,18-jan-2016-00:00,14.1,19,9.2,1016.1,78,0,1,2,5.4,
18-jan-2016-00:00,19-jan-2016-00:00,13.3,19.2,6,1014.8,81,0,0.6,1.5,7.6,
19-jan-2016-00:00,20-jan-2016-00:00,12.3,19,8.9,1015.8,91,0,0.5,4.6,9.4,
20-jan-2016-00:00,21-jan-2016-00:00,11.9,15.7,7.5,1018.9,86,0,0.8,6.1,11.1,
21-jan-2016-00:00,22-jan-2016-00:00,12,17,6.7,1019.8,75,0,1.3,7.6,13,
22-jan-2016-00:00,23-jan-2016-00:00,11.8,17.3,4.2,1019.8,84,0,0.6,3.5,7.6,
23-jan-2016-00:00,24-jan-2016-00:00,14.4,22,4.6,1020,76,0,1,3.1,7.6,
24-jan-2016-00:00,25-jan-2016-00:00,11.1,22.2,7.5,1019.6,89,0,0.5,6.5,11.1,
25-jan-2016-00:00,26-jan-2016-00:00,11.7,18,6.4,1017.3,76,0,0.8,4.4,13,
26-jan-2016-00:00,27-jan-2016-00:00,14.6,21,6.8,1015.6,81,0,0.6,2.4,7.6,
27-jan-2016-00:00,28-jan-2016-00:00,17.7,24,9,1014.5,69,0,1.4,4.4,9.4,
28-jan-2016-00:00,29-jan-2016-00:00,16.8,24.2,9,1015.7,68,0,1.1,5,13,
29-jan-2016-00:00,30-jan-2016-00:00,19.6,29,11.5,1017.8,71,0,1,2.6,7.6,
30-jan-2016-00:00,31-jan-2016-00:00,20.1,27,13,1014.5,79,0,0.8,1.1,5.4,
31-jan-2016-00:00,32-jan-2016-00:00,17.4,27.2,12.2,1016.4,79,0,1.1,7.8,18.3,
1-feb-2016-00:00,2-feb-2016-00:00,15.9,22.4,8.4,1017.6,66,0,2.4,7.2,16.5,
2-feb-2016-00:00,3-feb-2016-00:00,15.2,22.6,6.6,1018.2,56,0,1.9,8.9,22.2,
3-feb-2016-00:00,4-feb-2016-00:00,12.7,19.5,8,1017.6,69,0,1.3,8.3,18.3,
4-feb-2016-00:00,5-feb-2016-00:00,16.4,23,7.7,1017.4,54,0,1.9,7.2,14.8,
5-feb-2016-00:00,6-feb-2016-00:00,12.7,23.4,6.8,1016.3,72,0,1,2.2,7.6,
6-feb-2016-00:00,7-feb-2016-00:00,15.2,24.4,7,1013.3,73,0,1.1,3.7,11.1,
7-feb-2016-00:00,8-feb-2016-00:00,15.6,24.6,10.7,1015.7,81,0,1.3,2.8,9.4,
8-feb-2016-00:00,9-feb-2016-00:00,17.1,23.2,9,1017.1,69,0,1.8,5.9,11.1,
9-feb-2016-00:00,10-feb-2016-00:00,17.6,24,10.1,1014.8,67,0,1.4,5.9,14.8,
10-feb-2016-00:00,11-feb-2016-00:00,18.1,26,8.6,1011.9,64,0,1.4,2,7.6,
11-feb-2016-00:00,12-feb-2016-00:00,19.6,26.8,10.2,1011.5,55,0,2.3,6.1,14.8,
12-feb-2016-00:00,13-feb-2016-00:00,19.2,26.8,10,1012.6,59,0,2.1,0.7,5.4,
13-feb-2016-00:00,14-feb-2016-00:00,17.2,26,11.5,1014.7,65,0,2.3,5.7,14.8,
14-feb-2016-00:00,15-feb-2016-00:00,17.7,24.4,9.7,1017,64,0,2.1,8,18.3,
15-feb-2016-00:00,16-feb-2016-00:00,17.4,24.4,10.1,1018.9,61,0,2.3,6.1,11.1,
16-feb-2016-00:00,17-feb-2016-00:00,18.2,24,9.2,1020,56,0,2.4,5.4,14.8,
17-feb-2016-00:00,18-feb-2016-00:00,18.7,25,10.3,1018.7,62,0,2.3,3.7,7.6,
18-feb-2016-00:00,19-feb-2016-00:00,19.4,25.6,15,1016.9,79,-,1.3,5.2,13,
19-feb-2016-00:00,20-feb-2016-00:00,23.1,30,15.6,1014.9,71,-,1.4,4.1,9.4,
20-feb-2016-00:00,21-feb-2016-00:00,23.7,29.8,18.7,1014,75,-,1.4,11.1,18.3,
21-feb-2016-00:00,22-feb-2016-00:00,20.9,27.8,15.8,1014.4,62,0,2.6,17.2,27.8,
22-feb-2016-00:00,23-feb-2016-00:00,21,28,14,1013.9,55,0,2.6,15.2,33.5,
23-feb-2016-00:00,24-feb-2016-00:00,21.2,29,13.4,1012.2,52,0,3.5,9.8,18.3,
24-feb-2016-00:00,25-feb-2016-00:00,21.6,30,11,1012.6,57,0,2.1,2.4,7.6,
25-feb-2016-00:00,26-feb-2016-00:00,22.6,30.3,11.5,1015.4,57,0,2.4,5.4,11.1,
26-feb-2016-00:00,27-feb-2016-00:00,22.7,30.4,12.8,1017.7,56,0,2.6,2.4,7.6,
27-feb-2016-00:00,28-feb-2016-00:00,22.7,30.6,13,1018.4,58,0,2.4,3.3,7.6,
28-feb-2016-00:00,29-feb-2016-00:00,23.1,30.1,13.5,1018.5,63,0,1.9,3.7,11.1,
29-feb-2016-00:00,30-feb-2016-00:00,23.8,31,14.5,1017.8,64,0,1.9,3.7,9.4,
1-mar-2016-00:00,2-mar-2016-00:00,25,31,15,1015.7,59,0,1.9,1.7,5.4,
2-mar-2016-00:00,3-mar-2016-00:00,24.9,32.4,15.2,1015,57,0,1.9,1.7,9.4,
3-mar-2016-00:00,4-mar-2016-00:00,26.8,33.4,15.7,1014.5,52,0,2.4,4.6,9.4,
4-mar-2016-00:00,5-mar-2016-00:00,27.3,34,17.6,1012.1,45,0,2.4,6.1,11.1,
5-mar-2016-00:00,6-mar-2016-00:00,23.4,34.1,17,1012.5,60,-,2.4,10.6,20.6,
6-mar-2016-00:00,7-mar-2016-00:00,22.8,30.1,15.5,1012.9,68,0,2.9,5.2,14.8,
7-mar-2016-00:00,8-mar-2016-00:00,23.7,29.1,15.8,1011.9,67,0,2.1,5.2,11.1,
8-mar-2016-00:00,9-mar-2016-00:00,23.4,29.1,17,1011.4,63,0,2.1,6.7,16.5,
9-mar-2016-00:00,10-mar-2016-00:00,24.3,29,15.6,1011.7,56,0,1.9,10,18.3,
10-mar-2016-00:00,11-mar-2016-00:00,25.5,31,15.8,1012.7,58,0,2.1,8,14.8,
11-mar-2016-00:00,12-mar-2016-00:00,25,33,19,1012.4,68,-,2.1,6.5,14.8,
12-mar-2016-00:00,13-mar-2016-00:00,24.5,33.5,17.6,1009.6,67,-,2.3,9.4,18.3,
13-mar-2016-00:00,14-mar-2016-00:00,24.3,31,16.8,1010.8,66,0,3.4,6.9,14.8,
14-mar-2016-00:00,15-mar-2016-00:00,22.4,29.5,17.1,1014.1,68,-,3.4,6.3,16.5,
15-mar-2016-00:00,16-mar-2016-00:00,24.1,29.2,14.5,1014.4,59,0,2.4,8.5,18.3,
16-mar-2016-00:00,17-mar-2016-00:00,23.9,29.5,15.6,1012.3,55,0,2.3,10.9,16.5,
17-mar-2016-00:00,18-mar-2016-00:00,26.3,32,16.8,1009.9,52,-,2.7,6.9,16.5,
18-mar-2016-00:00,19-mar-2016-00:00,26.2,32.2,20,1009.3,63,0,2.6,6.7,14.8,
19-mar-2016-00:00,20-mar-2016-00:00,26.8,33,19,1008.8,61,0,2.3,3.5,11.1,
20-mar-2016-00:00,21-mar-2016-00:00,27.1,33,19,1009.9,61,0,2.6,2.8,13,
21-mar-2016-00:00,22-mar-2016-00:00,26.5,32.8,19.5,1010.5,45,0,2.9,12.2,25.9,
22-mar-2016-00:00,23-mar-2016-00:00,24.9,31.6,17,1009.1,42,0,2.7,22,38.9,
23-mar-2016-00:00,24-mar-2016-00:00,27.2,32.5,18.9,1009.5,43,0,3.1,9.8,25.9,
24-mar-2016-00:00,25-mar-2016-00:00,28.1,36,16,1012.7,45,0,2.6,3.1,13,
25-mar-2016-00:00,26-mar-2016-00:00,29.8,36.2,18.2,1012.7,52,0,2.4,3.3,7.6,
26-mar-2016-00:00,27-mar-2016-00:00,24.7,36.6,19.7,1012.8,66,0,2.4,9.4,14.8,
27-mar-2016-00:00,28-mar-2016-00:00,26.2,32,19.5,1012.5,56,0,3.1,9.1,14.8,
28-mar-2016-00:00,29-mar-2016-00:00,25.9,32,16.5,1012.3,55,0,2.9,6.5,14.8,
29-mar-2016-00:00,30-mar-2016-00:00,27.2,32,18.6,1010.8,49,0,2.7,7.2,14.8,
30-mar-2016-00:00,31-mar-2016-00:00,29.6,35,18.5,1010.8,39,0,2.4,7,14.8,
31-mar-2016-00:00,32-mar-2016-00:00,29.9,37,19.5,1008.3,39,0,2.7,4.4,9.4,
1-apr-2016-00:00,2-apr-2016-00:00,30.4,37.5,21.6,1006.3,41,0,2.6,12,27.8,
2-apr-2016-00:00,3-apr-2016-00:00,32.3,39,21.5,1007.3,39,0,3.4,5.4,13,
3-apr-2016-00:00,4-apr-2016-00:00,33.4,39.1,24.8,1008,47,0,2.1,2.6,7.6,
4-apr-2016-00:00,5-apr-2016-00:00,32.8,39.4,22.9,1006.1,35,0,2.7,8,16.5,
5-apr-2016-00:00,6-apr-2016-00:00,32.2,38.8,25.6,1006.1,33,0,2.9,9.3,16.5,
6-apr-2016-00:00,7-apr-2016-00:00,31.3,37,23.5,1006.2,35,0,2.7,3.5,7.6,
7-apr-2016-00:00,8-apr-2016-00:00,29.5,36.9,21.5,1007.2,41,0,2.3,11.3,16.5,
8-apr-2016-00:00,9-apr-2016-00:00,29.3,36,18.8,1008.8,37,0,3.2,4.8,11.1,
9-apr-2016-00:00,10-apr-2016-00:00,30.9,37,19,1008.9,33,0,2.6,6.9,14.8,
10-apr-2016-00:00,11-apr-2016-00:00,32.2,37,25.2,1008,34,0,2.6,5.2,9.4,
11-apr-2016-00:00,12-apr-2016-00:00,29.7,36.6,21.1,1008.8,38,0,2.7,16.1,22.2,
12-apr-2016-00:00,13-apr-2016-00:00,30.2,35.1,22,1005.7,40,0,3.1,19.4,33.5,
13-apr-2016-00:00,14-apr-2016-00:00,31.6,38,23.2,1002.6,30,0,3.1,18.7,35.2,
14-apr-2016-00:00,15-apr-2016-00:00,33.1,39,24,1003,26,0,2.6,10.4,24.1,
15-apr-2016-00:00,16-apr-2016-00:00,33.6,40,23,1003.8,27,0,2.4,9.8,18.3,
16-apr-2016-00:00,17-apr-2016-00:00,-,-,-,-,-,-,-,-,-,
17-apr-2016-00:00,18-apr-2016-00:00,34.6,42,29.5,1001.9,28,0,2.4,9.4,18.3,
18-apr-2016-00:00,19-apr-2016-00:00,34.6,40.1,28.2,1003.9,33,0,2.6,7.2,18.3,
19-apr-2016-00:00,20-apr-2016-00:00,33.9,40.2,26,1005,36,0,2.1,4.6,14.8,
20-apr-2016-00:00,21-apr-2016-00:00,34,40.6,26.3,1005.5,29,0,2.6,13.9,22.2,
21-apr-2016-00:00,22-apr-2016-00:00,33.9,39.6,25.8,1002.7,28,0,2.7,15.7,29.4,
22-apr-2016-00:00,23-apr-2016-00:00,33.3,39.4,24.8,1000.7,28,-,3.1,8.3,18.3,
23-apr-2016-00:00,24-apr-2016-00:00,31.8,37,21.6,1001.3,23,0,3.1,10.2,18.3,
24-apr-2016-00:00,25-apr-2016-00:00,31.3,37,19.9,1002.4,23,0,2.9,10.2,27.8,
25-apr-2016-00:00,26-apr-2016-00:00,31.8,39,20.4,1004.9,24,0,2.6,7,16.5,
26-apr-2016-00:00,27-apr-2016-00:00,33.4,40,21.2,1006.3,27,0,2.6,3.7,14.8,
27-apr-2016-00:00,28-apr-2016-00:00,33.2,40.3,22.2,1005.1,29,0,2.3,5,14.8,
28-apr-2016-00:00,29-apr-2016-00:00,34,40.7,22.2,1004.6,24,0,2.4,11.9,22.2,
29-apr-2016-00:00,30-apr-2016-00:00,34.1,40.2,21.7,1004.8,24,0,2.1,9.1,18.3,
30-apr-2016-00:00,31-apr-2016-00:00,33.1,40,22.2,1003.8,28,0,2.1,5.2,14.8,
1-may-2016-00:00,2-may-2016-00:00,34.7,41.5,22,1001.7,24,0,2.3,8.5,16.5,
2-may-2016-00:00,3-may-2016-00:00,38,44,23.8,1001.1,20,0,2.6,9.6,29.4,
3-may-2016-00:00,4-may-2016-00:00,35.4,44,28,1003.2,35,0,2.7,6.5,18.3,
4-may-2016-00:00,5-may-2016-00:00,33.8,40,27.6,1003.2,36,0,2.3,10.4,24.1,
5-may-2016-00:00,6-may-2016-00:00,30.6,39.9,22,1006.8,47,0,2.4,11.3,24.1,
6-may-2016-00:00,7-may-2016-00:00,31.4,35.4,25,1006,42,0,2.6,4.3,13,
7-may-2016-00:00,8-may-2016-00:00,33.2,38,25,1004.6,41,0,2.7,4.6,9.4,
8-may-2016-00:00,9-may-2016-00:00,35.1,39.2,25.3,1005.1,40,0,2.4,7.2,11.1,
9-may-2016-00:00,10-may-2016-00:00,33.8,39.8,27.6,1005.5,44,0,2.4,9.8,16.5,
10-may-2016-00:00,11-may-2016-00:00,33.9,38.4,25,1006,43,-,5.8,10.6,27.8,
11-may-2016-00:00,12-may-2016-00:00,32.6,38.7,24,1005.1,51,0,2.9,7.8,16.5,
12-may-2016-00:00,13-may-2016-00:00,35.4,40,26.5,1001.2,43,0,2.4,5,14.8,
13-may-2016-00:00,14-may-2016-00:00,37.1,42,27.5,1000.7,30,0,2.9,8.3,18.3,
14-may-2016-00:00,15-may-2016-00:00,36.5,43,27,1001.8,35,0,2.6,4.1,22.2,
15-may-2016-00:00,16-may-2016-00:00,37.3,42.4,27.4,1002.4,32,0,2.6,4.8,14.8,
16-may-2016-00:00,17-may-2016-00:00,37.2,43,26.4,999.9,26,0,2.9,8.5,14.8,
17-may-2016-00:00,18-may-2016-00:00,37.4,43.4,27.9,997.9,28,0,3.2,9.6,18.3,
18-may-2016-00:00,19-may-2016-00:00,37.6,43.3,26,997.3,29,0,3.7,8.5,18.3,
19-may-2016-00:00,20-may-2016-00:00,37.3,43.7,28.6,997.4,44,0,2.6,9.4,22.2,
20-may-2016-00:00,21-may-2016-00:00,37.3,42.8,31.2,996.2,49,0,2.6,8.3,14.8,
21-may-2016-00:00,22-may-2016-00:00,36.2,41.5,30.7,995.3,50,0,2.9,10.9,18.3,
22-may-2016-00:00,23-may-2016-00:00,36.7,43,28.8,995.8,49,0,2.7,6.5,11.1,
23-may-2016-00:00,24-may-2016-00:00,32.2,42.7,23.6,998.5,49,-,2.4,15,37,
24-may-2016-00:00,25-may-2016-00:00,30.9,40.9,23.1,999.6,58,0,2.6,8,14.8,
25-may-2016-00:00,26-may-2016-00:00,32.9,39,27.4,996.6,50,-,2.4,9.4,27.8,
26-may-2016-00:00,27-may-2016-00:00,34.6,39,26,998.4,49,0,2.4,6.7,16.5,
27-may-2016-00:00,28-may-2016-00:00,37.4,41,30.6,998.8,31,0,1.9,14.1,27.8,
28-may-2016-00:00,29-may-2016-00:00,36.4,41.2,25.7,998.3,39,0,2.1,15,24.1,
29-may-2016-00:00,30-may-2016-00:00,31.5,41.5,24,1000.3,60,0,2.6,11.7,18.3,
30-may-2016-00:00,31-may-2016-00:00,26.9,36.7,23,1002.6,76,-,2.1,9.4,22.2,
31-may-2016-00:00,32-may-2016-00:00,32.7,37.5,24.7,1002.3,55,0,2.4,7.4,18.3,
1-june-2016-00:00,2-june-2016-00:00,36,40,26.6,1001.7,46,0,3.1,9.1,22.2,
2-june-2016-00:00,3-june-2016-00:00,37.7,42,30.7,1000.9,37,0,2.6,11.9,22.2,
3-june-2016-00:00,4-june-2016-00:00,37.6,43,28.7,1001.2,42,0,2.4,2.8,11.1,
4-june-2016-00:00,5-june-2016-00:00,38.2,43,30,1001.1,45,0,2.6,3.1,11.1,
5-june-2016-00:00,6-june-2016-00:00,36.4,42.9,30.6,1001.5,56,0,2.6,8.7,24.1,
6-june-2016-00:00,7-june-2016-00:00,35.4,42.6,30.2,1002,50,0,2.6,10.9,27.8,
7-june-2016-00:00,8-june-2016-00:00,34.6,40.3,28.7,1001.1,51,0,2.7,10.2,25.9,
8-june-2016-00:00,9-june-2016-00:00,35.9,41,28.6,998.6,50,0,2.6,8.5,18.3,
9-june-2016-00:00,10-june-2016-00:00,35.7,41.2,30,997.6,48,0,2.3,9.3,27.8,
10-june-2016-00:00,11-june-2016-00:00,36.1,42,28.4,997.9,46,-,2.3,10.2,37,
11-june-2016-00:00,12-june-2016-00:00,33.4,41.9,25.4,998.4,52,0,2.7,8.7,27.8,
12-june-2016-00:00,13-june-2016-00:00,35.5,39,26.9,998,41,0,2.6,9.3,14.8,
13-june-2016-00:00,14-june-2016-00:00,36,41,27.6,997.7,46,-,2.4,12.8,25.9,
14-june-2016-00:00,15-june-2016-00:00,32.6,40.7,26,996.9,59,-,2.6,11.9,29.4,
15-june-2016-00:00,16-june-2016-00:00,34.7,38,30.5,995.4,55,0,2.4,10.4,18.3,
16-june-2016-00:00,17-june-2016-00:00,33.6,38.4,28,998.3,55,0,3.2,11.5,22.2,
17-june-2016-00:00,18-june-2016-00:00,34.2,39,25.8,998.5,55,-,3.2,7.4,11.1,
18-june-2016-00:00,19-june-2016-00:00,35.9,39.5,30.1,1000.1,55,0,2.7,10.9,16.5,
19-june-2016-00:00,20-june-2016-00:00,35.6,40,30,1000.7,57,0,3.1,9.4,25.9,
20-june-2016-00:00,21-june-2016-00:00,31.1,40.1,26,999.8,74,-,2.4,7.6,14.8,
21-june-2016-00:00,22-june-2016-00:00,32.9,38.6,27,999.7,64,0,2.4,8.9,16.5,
22-june-2016-00:00,23-june-2016-00:00,33.2,37.8,26.8,1000.9,63,0,2.6,7,14.8,
23-june-2016-00:00,24-june-2016-00:00,33.8,37.5,27.6,999.5,56,-,2.4,5.9,16.5,
24-june-2016-00:00,25-june-2016-00:00,36.5,40,29.2,997.6,50,0,2.4,7.8,14.8,
25-june-2016-00:00,26-june-2016-00:00,35.5,39.9,31.2,999.7,60,0,2.4,9.8,18.3,
26-june-2016-00:00,27-june-2016-00:00,34.9,39.6,29.6,999.6,61,0,2.4,7.8,14.8,
27-june-2016-00:00,28-june-2016-00:00,34.4,39.4,26,998.3,63,0,2.3,8,14.8,
28-june-2016-00:00,29-june-2016-00:00,30.8,39.6,25,1000.8,77,-,2.1,5.4,13,
29-june-2016-00:00,30-june-2016-00:00,35.4,39,27.2,1000.1,61,0,2.6,8.5,18.3,
30-june-2016-00:00,31-june-2016-00:00,35.4,39.7,28.2,997.2,61,-,2.4,6.9,14.8,
1-july-2016-00:00,2-july-2016-00:00,32.2,39.8,25.4,995.4,73,-,2.3,8.3,14.8,
2-july-2016-00:00,3-july-2016-00:00,28.4,36.6,24.4,998.1,82,0,2.4,5.2,9.4,
3-july-2016-00:00,4-july-2016-00:00,29.6,32,25.7,997.6,80,-,2.3,2,7.6,
4-july-2016-00:00,5-july-2016-00:00,30.7,34.2,24.8,996.5,78,0,2.1,3.3,11.1,
5-july-2016-00:00,6-july-2016-00:00,33.2,36.2,27.9,994.8,70,0,2.3,5.4,13,
6-july-2016-00:00,7-july-2016-00:00,33.1,36.5,28.5,996.2,67,0,2.3,8.9,14.8,
7-july-2016-00:00,8-july-2016-00:00,33.6,36.7,28.8,996.7,66,0,5.8,5.9,11.1,
8-july-2016-00:00,9-july-2016-00:00,30.7,36.9,28.8,996.8,78,-,2.3,5.4,27.8,
9-july-2016-00:00,10-july-2016-00:00,33.3,37,27.8,996.2,68,0,2.6,6.7,11.1,
10-july-2016-00:00,11-july-2016-00:00,32.6,36.8,28.8,995.4,69,-,2.4,4.6,14.8,
11-july-2016-00:00,12-july-2016-00:00,31.6,36.7,28.7,997.1,74,0,2.3,8.1,13,
12-july-2016-00:00,13-july-2016-00:00,30.6,35,28.6,998.4,81,-,2.4,5.6,18.3,
13-july-2016-00:00,14-july-2016-00:00,31.1,34.2,27.8,997.8,78,-,2.6,6.9,24.1,
14-july-2016-00:00,15-july-2016-00:00,30.4,35.4,26.7,997.8,82,-,2.1,5.2,14.8,
15-july-2016-00:00,16-july-2016-00:00,31,35.2,26,997.9,80,-,2.4,7.2,18.3,
16-july-2016-00:00,17-july-2016-00:00,27.1,32.7,24.6,999.5,95,-,1.9,4.4,9.4,
17-july-2016-00:00,18-july-2016-00:00,28.1,30,26.2,1000.7,87,-,2.3,6.7,11.1,
18-july-2016-00:00,19-july-2016-00:00,27.6,31.2,25,1000,93,-,1.9,6.9,37,
19-july-2016-00:00,20-july-2016-00:00,32.4,35.2,26.2,999,72,0,2.9,13.5,25.9,
20-july-2016-00:00,21-july-2016-00:00,34.1,37,28.5,998.5,63,0,3.2,13,22.2,
21-july-2016-00:00,22-july-2016-00:00,34.1,37.2,29,998.4,61,0,2.6,11.5,22.2,
22-july-2016-00:00,23-july-2016-00:00,34.1,37.5,29.5,998.6,59,0,3.2,8.7,14.8,
23-july-2016-00:00,24-july-2016-00:00,31.9,37.3,28.4,1000.8,69,-,2.9,7.8,13,
24-july-2016-00:00,25-july-2016-00:00,31.4,35,28.4,1001.8,75,0,2.3,2.4,11.1,
25-july-2016-00:00,26-july-2016-00:00,31.9,35,28.3,1001.3,72,0,2.1,2.8,9.4,
26-july-2016-00:00,27-july-2016-00:00,30.3,35,27.6,1002.6,83,5.08,2.3,6.5,16.5,
27-july-2016-00:00,28-july-2016-00:00,28.3,35.8,26.8,1003.9,89,-,1.6,4.3,11.1,
28-july-2016-00:00,29-july-2016-00:00,29.5,33,26,1001.9,82,-,1.9,5.2,14.8,
29-july-2016-00:00,30-july-2016-00:00,27.5,33.5,26,1000.4,93,-,1.4,2.4,22.2,
30-july-2016-00:00,31-july-2016-00:00,27.3,30,26,1000.6,94,-,1.8,1.9,9.4,
31-july-2016-00:00,32-july-2016-00:00,29.2,31,26,1000,85,0,1.8,4.6,13,
1-aug-2016-00:00,2-aug-2016-00:00,29.1,32.6,26.4,998.6,85,-,1.8,5.9,13,
2-aug-2016-00:00,3-aug-2016-00:00,30.9,35,26,997.4,73,-,2.6,6.5,11.1,
3-aug-2016-00:00,4-aug-2016-00:00,32.6,36,26.2,997.8,66,0,3.4,5.6,9.4,
4-aug-2016-00:00,5-aug-2016-00:00,33.4,37,28.5,998.1,65,0,3.2,7.8,14.8,
5-aug-2016-00:00,6-aug-2016-00:00,33.7,37,28.6,999,65,-,3.2,4.3,11.1,
6-aug-2016-00:00,7-aug-2016-00:00,30,36.7,27.6,1000.1,78,-,2.3,6.9,16.5,
7-aug-2016-00:00,8-aug-2016-00:00,33.3,36,26.4,999.7,67,0,3.2,7.8,18.3,
8-aug-2016-00:00,9-aug-2016-00:00,33.4,36.5,28.6,999.9,66,0,2.9,9.8,16.5,
9-aug-2016-00:00,10-aug-2016-00:00,31.2,36.7,28,997.8,75,-,2.7,9.1,14.8,
10-aug-2016-00:00,11-aug-2016-00:00,31.4,35.5,27.5,999,74,-,2.6,10,18.3,
11-aug-2016-00:00,12-aug-2016-00:00,28.1,35.3,26.4,1001.3,90,-,1.6,8,14.8,
12-aug-2016-00:00,13-aug-2016-00:00,28.9,33,26.2,1001.1,86,-,1.6,3.7,14.8,
13-aug-2016-00:00,14-aug-2016-00:00,29.9,34,25.5,1000.2,80,-,1.4,3.3,11.1,
14-aug-2016-00:00,15-aug-2016-00:00,29,33.7,26,999.1,85,-,2.1,6.5,22.2,
15-aug-2016-00:00,16-aug-2016-00:00,31.3,34.5,27,997.6,71,0,3.2,12.2,22.2,
16-aug-2016-00:00,17-aug-2016-00:00,31.1,35,26.4,996.7,69,0,2.9,13.9,24.1,
17-aug-2016-00:00,18-aug-2016-00:00,29.8,35.2,26.4,998.7,75,-,2.7,5.6,11.1,
18-aug-2016-00:00,19-aug-2016-00:00,29.6,33,26.4,998.9,82,-,1.8,1.7,7.6,
19-aug-2016-00:00,20-aug-2016-00:00,31.7,34,26.4,999,71,0,2.6,2,11.1,
20-aug-2016-00:00,21-aug-2016-00:00,32.6,36,27.6,999.6,70,0,2.7,10.6,20.6,
21-aug-2016-00:00,22-aug-2016-00:00,31.2,35.9,26.1,1000.4,71,0,3.2,8.7,18.3,
22-aug-2016-00:00,23-aug-2016-00:00,31.6,35.4,26.1,1002.4,69,0,2.9,8,18.3,
23-aug-2016-00:00,24-aug-2016-00:00,31.4,35.5,27.7,1002,72,0,3.2,6.1,9.4,
24-aug-2016-00:00,25-aug-2016-00:00,29.9,33.7,28,1002.7,81,-,2.3,10.9,35.9,
25-aug-2016-00:00,26-aug-2016-00:00,31,35,26.8,1004.1,76,-,2.6,6.1,14.8,
26-aug-2016-00:00,27-aug-2016-00:00,30.8,35.2,26.8,1005,76,-,2.7,3.7,18.3,
27-aug-2016-00:00,28-aug-2016-00:00,31.4,36,25.5,-,73,0,3.1,6.5,13,
28-aug-2016-00:00,29-aug-2016-00:00,32.8,37,27.5,1004.9,71,-,2.7,7.4,14.8,
29-aug-2016-00:00,30-aug-2016-00:00,29.1,37,25.6,1003.3,84,-,2.1,5.7,14.8,
30-aug-2016-00:00,31-aug-2016-00:00,29.5,34.7,25,1002,80,-,2.4,2.2,14.8,
31-aug-2016-00:00,32-aug-2016-00:00,27.3,33.3,24,1002.4,89,-,2.1,7.8,27.8,
1-sept-2016-00:00,2-sept-2016-00:00,27.8,31,25.2,1001.3,88,62.99,2.4,4.6,7.6,
2-sept-2016-00:00,3-sept-2016-00:00,30.7,34,25.5,1000.1,73,6.1,2.6,13.7,22.2,
3-sept-2016-00:00,4-sept-2016-00:00,30.7,34,25,1000.5,65,0,3.4,12,27.8,
4-sept-2016-00:00,5-sept-2016-00:00,30.9,34.4,25.5,1003,65,0,3.4,11.9,20.6,
5-sept-2016-00:00,6-sept-2016-00:00,30.7,35,25.2,1003.1,65,0,3.5,14.3,28.7,
6-sept-2016-00:00,7-sept-2016-00:00,30.7,34.5,25.4,1003.4,62,0,3.4,15.7,25.9,
7-sept-2016-00:00,8-sept-2016-00:00,31.1,35,25,1003.1,64,0,3.2,10.4,18.3,
8-sept-2016-00:00,9-sept-2016-00:00,31.3,35,26,1004.6,63,0,3.2,11.5,18.3,
9-sept-2016-00:00,10-sept-2016-00:00,31.5,35.5,26.1,-,60,0,3.2,13.5,22.2,
10-sept-2016-00:00,11-sept-2016-00:00,31.4,35.6,26.5,1004.1,60,0,3.2,12.6,20.6,
11-sept-2016-00:00,12-sept-2016-00:00,31.1,35.5,25.5,1004.2,60,0,3.4,8.9,18.3,
12-sept-2016-00:00,13-sept-2016-00:00,31.3,35,25.4,1005,60,0,2.9,10.2,22.2,
13-sept-2016-00:00,14-sept-2016-00:00,31.4,36,26.7,1006.7,65,0,3.1,8.3,13,
14-sept-2016-00:00,15-sept-2016-00:00,30.4,35.6,25.7,1006.5,72,-,2.9,4.3,14.8,
15-sept-2016-00:00,16-sept-2016-00:00,31.6,35,25.7,1005.3,63,0,2.6,3.7,-,
16-sept-2016-00:00,17-sept-2016-00:00,31.4,36,25,1003.7,62,0,3.2,3.7,13,
17-sept-2016-00:00,18-sept-2016-00:00,31.6,36.1,26,1003.9,64,0,2.4,2.6,7.6,
18-sept-2016-00:00,19-sept-2016-00:00,32,36,26,1004.6,62,0,2.7,2.8,9.4,
19-sept-2016-00:00,20-sept-2016-00:00,31.7,37.1,26,1003.2,63,0,2.9,1.7,5.4,
20-sept-2016-00:00,21-sept-2016-00:00,32.5,37.2,25.3,1003,59,0,3.1,1.7,7.6,
21-sept-2016-00:00,22-sept-2016-00:00,32.6,37.4,27,1005.8,63,0,2.6,6.3,13,
22-sept-2016-00:00,23-sept-2016-00:00,29.7,37.4,26,1007,71,0,2.7,7.6,18.3,
23-sept-2016-00:00,24-sept-2016-00:00,30.6,35,25,1004.1,68,0,2.9,3.1,7.6,
24-sept-2016-00:00,25-sept-2016-00:00,30.7,34.9,26.4,1003.5,70,0,2.7,4.8,9.4,
25-sept-2016-00:00,26-sept-2016-00:00,30.7,34.8,25.6,1004.5,66,0,2.6,3.3,11.1,
26-sept-2016-00:00,27-sept-2016-00:00,31.2,35,25.2,-,63,0,2.7,3,9.4,
27-sept-2016-00:00,28-sept-2016-00:00,31.4,35.2,26,1005.8,62,0,3.1,2,7.6,
28-sept-2016-00:00,29-sept-2016-00:00,31.7,36,25.2,1004.7,59,0,2.9,2.2,7.6,
29-sept-2016-00:00,30-sept-2016-00:00,31.9,36.5,26.6,1004.7,65,0,2.3,4.4,9.4,
30-sept-2016-00:00,31-sept-2016-00:00,31.8,35.4,26.5,1005.2,63,0,2.6,2,5.4,
1-oct-2016-00:00,2-oct-2016-00:00,31.9,36,26.5,1007.2,66,0,2.3,2.4,7.6,
2-oct-2016-00:00,3-oct-2016-00:00,32.4,36.4,27.5,1007.8,65,0,3.1,3.5,11.1,
3-oct-2016-00:00,4-oct-2016-00:00,32.7,36.1,27.7,-,64,0,2.6,3.3,7.6,
4-oct-2016-00:00,5-oct-2016-00:00,30.1,36.1,25.2,1005.4,73,-,1.8,5.6,18.3,
5-oct-2016-00:00,6-oct-2016-00:00,28.6,35.7,24.5,1004.8,74,-,2.3,3.1,11.1,
6-oct-2016-00:00,7-oct-2016-00:00,30.2,33.5,25.5,1006.5,69,0,1.9,3,9.4,
7-oct-2016-00:00,8-oct-2016-00:00,30.3,35,24.7,1007.3,62,0,2.3,7.6,18.3,
8-oct-2016-00:00,9-oct-2016-00:00,29.9,35,23,1006.3,60,0,2.6,6.7,24.1,
9-oct-2016-00:00,10-oct-2016-00:00,30,36,22.5,1004.9,63,0,2.6,3,7.6,
10-oct-2016-00:00,11-oct-2016-00:00,29.3,35.6,24.3,1005.7,55,0,2.9,4.4,9.4,
11-oct-2016-00:00,12-oct-2016-00:00,28.6,34,20.7,1006,54,0,2.4,7.4,16.5,
12-oct-2016-00:00,13-oct-2016-00:00,28.6,35,20.4,1006.4,50,0,3.1,10.6,22.2,
13-oct-2016-00:00,14-oct-2016-00:00,28.6,35,19.8,1008.2,49,0,3.7,11.5,22.2,
14-oct-2016-00:00,15-oct-2016-00:00,28.3,35.2,19,1009.4,53,0,3.4,9.1,35.9,
15-oct-2016-00:00,16-oct-2016-00:00,26.8,35.2,17.5,1010.4,57,0,2.6,5.7,13,
16-oct-2016-00:00,17-oct-2016-00:00,27.4,34,17.5,1010.9,52,0,3.1,5.9,18.3,
17-oct-2016-00:00,18-oct-2016-00:00,27.7,34.5,19,-,51,0,3.1,5.6,18.3,
18-oct-2016-00:00,19-oct-2016-00:00,27.2,34.2,18.2,1008.7,52,0,2.9,6.9,21.7,
19-oct-2016-00:00,20-oct-2016-00:00,27.6,35,17.6,1007.6,53,0,3.1,5.9,13,
20-oct-2016-00:00,21-oct-2016-00:00,27.7,35,18.6,1006.9,52,0,3.1,7.8,28.7,
21-oct-2016-00:00,22-oct-2016-00:00,27.3,35,19,1007.8,55,0,3.2,7.2,27.8,
22-oct-2016-00:00,23-oct-2016-00:00,28,35,19.6,1008.7,54,0,3.2,12.4,24.1,
23-oct-2016-00:00,24-oct-2016-00:00,26.3,34.7,19.2,1008.4,60,0,2.3,9.4,18.3,
24-oct-2016-00:00,25-oct-2016-00:00,27.6,35,18.9,1007.8,54,0,2.7,10.6,29.4,
25-oct-2016-00:00,26-oct-2016-00:00,27.2,34.5,19.5,1009,58,0,3.1,11.1,25.9,
26-oct-2016-00:00,27-oct-2016-00:00,26.4,33,18.4,1012.4,60,0,2.6,4.6,14.8,
27-oct-2016-00:00,28-oct-2016-00:00,25.4,33.4,16.5,1014.3,62,0,1.6,5,14.8,
28-oct-2016-00:00,29-oct-2016-00:00,24.6,32.3,16.1,1012.3,61,0,1.3,7,14.8,
29-oct-2016-00:00,30-oct-2016-00:00,24.4,32,15,1013.2,66,0,1.3,1.5,7.6,
30-oct-2016-00:00,31-oct-2016-00:00,24.2,32.5,15,1015.3,72,0,1.6,1.9,7.6,
31-oct-2016-00:00,32-oct-2016-00:00,23.7,31.7,15.5,1017.7,69,0,1,1.3,5.4,
1-nov-2016-00:00,2-nov-2016-00:00,23.4,31.1,14.2,1016,60,0,1.1,3,7.6,
2-nov-2016-00:00,3-nov-2016-00:00,22.6,30.6,15.8,1015.4,69,0,0.5,1.1,5.4,
3-nov-2016-00:00,4-nov-2016-00:00,23.9,32,14.5,1015.6,63,0,1,2,5.4,
4-nov-2016-00:00,5-nov-2016-00:00,23.4,32,14.5,1012,61,0,1,3.3,16.5,
5-nov-2016-00:00,6-nov-2016-00:00,22.3,31.4,15.4,1010.2,68,0,0.3,4.6,13,
6-nov-2016-00:00,7-nov-2016-00:00,21.8,30,13.5,1011.6,64,0,0.3,2,9.4,
7-nov-2016-00:00,8-nov-2016-00:00,23.2,30.2,14,1012.6,55,0,1.1,7.4,18.3,
8-nov-2016-00:00,9-nov-2016-00:00,22.5,29.5,15.6,1013.3,56,0,1.1,11.7,22.2,
9-nov-2016-00:00,10-nov-2016-00:00,21.7,30,12.2,1014.5,52,0,1.1,6.3,16.5,
10-nov-2016-00:00,11-nov-2016-00:00,22,30,11.5,1013.5,52,0,1.1,2.8,7.6,
11-nov-2016-00:00,12-nov-2016-00:00,-,-,-,-,-,-,-,-,-,
12-nov-2016-00:00,13-nov-2016-00:00,22.3,30.1,12.1,1015.5,60,0,1,2.4,11.1,
13-nov-2016-00:00,14-nov-2016-00:00,23.1,30.1,14.1,1016.1,58,0,1.3,4.3,13,
14-nov-2016-00:00,15-nov-2016-00:00,22.2,30.2,13.6,1015.6,63,0,1.6,1.5,3.5,
15-nov-2016-00:00,16-nov-2016-00:00,20.8,29.3,12.1,1016.7,58,0,1.8,3.5,9.4,
16-nov-2016-00:00,17-nov-2016-00:00,20.7,28.8,10.6,1017.8,56,0,1.8,6.1,16.5,
17-nov-2016-00:00,18-nov-2016-00:00,20.8,28,11.5,1016.3,54,0,1.8,10.7,24.1,
18-nov-2016-00:00,19-nov-2016-00:00,20.3,28,12.3,1014.5,57,0,1.9,7.6,18,
19-nov-2016-00:00,20-nov-2016-00:00,19.8,29,10.1,1012.7,60,0,2.1,2.8,9.4,
20-nov-2016-00:00,21-nov-2016-00:00,20.8,29,10.5,1013.9,61,0,1.8,2.6,7.6,
21-nov-2016-00:00,22-nov-2016-00:00,22,31,10.7,1013.2,56,0,1.8,2.4,14.8,
22-nov-2016-00:00,23-nov-2016-00:00,21.4,30.6,10.8,1011.9,54,0,2.6,7.8,18.3,
23-nov-2016-00:00,24-nov-2016-00:00,21.2,31.1,12,-,57,0,2.6,6.1,14.8,
24-nov-2016-00:00,25-nov-2016-00:00,20.7,28.9,10.5,1015,52,0,1.6,7.4,18.3,
25-nov-2016-00:00,26-nov-2016-00:00,23.4,30,14.6,1012.2,33,0,2.6,14.1,27.8,
26-nov-2016-00:00,27-nov-2016-00:00,24.2,31,16.5,1013,36,0,2.9,13.9,22.2,
27-nov-2016-00:00,28-nov-2016-00:00,22.7,30.8,13.6,1012,38,0,3.4,11.9,20.6,
28-nov-2016-00:00,29-nov-2016-00:00,21.4,29.6,12.7,1013.7,40,0,2.6,8,20.6,
29-nov-2016-00:00,30-nov-2016-00:00,18.9,29.2,9.7,1015.4,59,0,2.3,0.9,5.4,
30-nov-2016-00:00,31-nov-2016-00:00,19.4,28.5,11,1016.8,80,0,1,3.9,9.4,
1-dec-2016-00:00,2-dec-2016-00:00,19.2,25.9,11.9,1017,84,0,0.8,2.6,9.4,
2-dec-2016-00:00,3-dec-2016-00:00,18.9,25.8,11.5,1017.9,77,0,0.6,5,13,
3-dec-2016-00:00,4-dec-2016-00:00,19.3,27,11.7,1019.6,57,0,1.8,5.2,11.1,
4-dec-2016-00:00,5-dec-2016-00:00,18.4,27,8.4,1019.2,54,0,2.4,4.6,11.1,
5-dec-2016-00:00,6-dec-2016-00:00,18.4,26.6,8.8,1017.8,55,0,2.1,5,13,
6-dec-2016-00:00,7-dec-2016-00:00,17.7,26.2,9.4,1018.5,73,0,0.8,2,7.6,
7-dec-2016-00:00,8-dec-2016-00:00,17.8,24.8,11.2,1017,74,0,0.6,0.7,7.6,
8-dec-2016-00:00,9-dec-2016-00:00,15.8,24.3,8.7,1015.8,77,0,0.8,1.7,7.6,
9-dec-2016-00:00,10-dec-2016-00:00,18.2,27,7.7,1013.7,72,0,0.6,1.1,7.6,
10-dec-2016-00:00,11-dec-2016-00:00,16.2,26.6,11.2,1013.6,84,0,0.6,4.8,9.4,
11-dec-2016-00:00,12-dec-2016-00:00,19.3,26,12.4,1013.7,71,0,1.1,4.6,9.4,
12-dec-2016-00:00,13-dec-2016-00:00,19.3,27,11,1014,62,0,1.6,3.5,14.8,
13-dec-2016-00:00,14-dec-2016-00:00,19,27.1,10.5,1015.1,61,0,1.6,3.3,9.4,
14-dec-2016-00:00,15-dec-2016-00:00,18,26.6,10.5,1017.1,61,0,1.9,8,14.8,
15-dec-2016-00:00,16-dec-2016-00:00,17.2,24.2,10,1017.2,58,0,1.6,9.3,22.2,
16-dec-2016-00:00,17-dec-2016-00:00,15.5,24.3,7.9,1017.8,61,0,1.9,3.1,11.1,
17-dec-2016-00:00,18-dec-2016-00:00,16.4,24.4,8.2,1018.1,66,0,1.1,5.6,25.9,
18-dec-2016-00:00,19-dec-2016-00:00,15.6,23,7.2,1018.5,64,0,1,5.9,11.1,
19-dec-2016-00:00,20-dec-2016-00:00,16.3,23,6.6,1016.9,61,0,1,9.4,20.6,
20-dec-2016-00:00,21-dec-2016-00:00,18.1,24,11.2,1015.4,56,0,1.8,15.9,25.9,
21-dec-2016-00:00,22-dec-2016-00:00,17.8,25,10.7,1015.8,54,0,2.3,9.4,22.2,
22-dec-2016-00:00,23-dec-2016-00:00,16.3,25.3,7.5,1016.3,57,0,1.8,5.4,14.8,
23-dec-2016-00:00,24-dec-2016-00:00,16.3,25,7.8,1013.7,69,0,0.6,1.7,9.4,
24-dec-2016-00:00,25-dec-2016-00:00,16.9,25.2,8,1011,78,0,1,5.4,13,
25-dec-2016-00:00,26-dec-2016-00:00,13.9,24.5,11.4,1015,95,0,0.6,8.7,14.8,
26-dec-2016-00:00,27-dec-2016-00:00,16.3,23,9.8,1016.9,78,0,1.1,7.4,16.5,
27-dec-2016-00:00,28-dec-2016-00:00,16.3,23.4,9,1017.3,68,0,1.3,7.8,18.3,
28-dec-2016-00:00,29-dec-2016-00:00,16.5,25,7.5,1016.6,66,0,1.6,3,11.1,
29-dec-2016-00:00,30-dec-2016-00:00,15.2,25.1,7.8,1015.6,87,0,0.6,6.3,11.1,
30-dec-2016-00:00,31-dec-2016-00:00,14.2,21.6,10.5,-,90,0,0.6,6.9,14.8,
31-dec-2016-00:00,32-dec-2016-00:00,-,-,-,-,-,-,-,-,-,
1-jan-2017-00:00,2-jan-2017-00:00,15.6,23,9,1016.4,87,0,1.3,2.4,11.1,
2-jan-2017-00:00,3-jan-2017-00:00,17.4,24,9.3,1018.9,81,0,1.3,2.2,9.4,
3-jan-2017-00:00,4-jan-2017-00:00,16.7,24.3,9.5,1018,82,0,1,4.1,13,
4-jan-2017-00:00,5-jan-2017-00:00,18.1,25,8.9,1016.2,71,0,1.6,4.8,14.8,
5-jan-2017-00:00,6-jan-2017-00:00,17.9,25.2,10.4,1013.7,75,0,1.8,2,9.4,
6-jan-2017-00:00,7-jan-2017-00:00,18.9,25.4,11.5,1011.8,81,0,1.4,8.3,14.8,
7-jan-2017-00:00,8-jan-2017-00:00,14.7,24.4,13.5,1012.2,96,-,1,10,22.2,
8-jan-2017-00:00,9-jan-2017-00:00,15.4,20,10.2,1015.5,84,0,1.1,2.2,7.6,
9-jan-2017-00:00,10-jan-2017-00:00,14.1,20.2,8.6,1015.8,82,0,1.1,5,13,
10-jan-2017-00:00,11-jan-2017-00:00,10.8,19.3,4.7,1017.4,78,0,2.9,7.6,22.2,
11-jan-2017-00:00,12-jan-2017-00:00,10.9,17.8,4,1017,73,0,1.9,10.7,22.2,
12-jan-2017-00:00,13-jan-2017-00:00,11.6,18,3.4,1017.1,74,0,1.4,6.5,14.8,
13-jan-2017-00:00,14-jan-2017-00:00,12.1,19,4.3,1017.8,70,0,1.4,6.1,14.8,
14-jan-2017-00:00,15-jan-2017-00:00,12.6,19.5,3.2,1019.2,78,0,1.3,5.2,11.1,
15-jan-2017-00:00,16-jan-2017-00:00,16.4,24,8.6,1017.3,73,0,1.3,3.3,7.6,
16-jan-2017-00:00,17-jan-2017-00:00,14.1,24,8.6,1017.7,81,0,1.1,10.4,20.6,
17-jan-2017-00:00,18-jan-2017-00:00,11.2,19.1,6,1019.9,87,0,1.1,8,20.6,
18-jan-2017-00:00,19-jan-2017-00:00,12.4,19,4.2,1022.2,80,0,1.1,6.1,13,
19-jan-2017-00:00,20-jan-2017-00:00,14,21,6.4,1023.1,76,0,1.6,10.2,16.5,
20-jan-2017-00:00,21-jan-2017-00:00,14.7,21.3,6,-,68,0,1.8,10.2,18.3,
21-jan-2017-00:00,22-jan-2017-00:00,14.7,20.8,7,1021.4,72,0,1,6.1,14.8,
22-jan-2017-00:00,23-jan-2017-00:00,17.1,24,8.4,1021,81,0,1.3,5,11.1,
23-jan-2017-00:00,24-jan-2017-00:00,17.2,25,10,1019.1,80,0,1.4,5.4,14.8,
24-jan-2017-00:00,25-jan-2017-00:00,18.3,25.2,10,1018.2,68,0,1.1,2.8,9.4,
25-jan-2017-00:00,26-jan-2017-00:00,19.8,25.6,12.5,1018.2,74,-,1.1,7.8,24.1,
26-jan-2017-00:00,27-jan-2017-00:00,16.2,25.1,14.5,1017.1,92,-,0.8,8,22.2,
27-jan-2017-00:00,28-jan-2017-00:00,16.1,20,13.2,1019.1,80,-,1.8,11.9,18.3,
28-jan-2017-00:00,29-jan-2017-00:00,14.9,20.1,10.6,1018.8,82,0,1,10.2,16.5,
29-jan-2017-00:00,30-jan-2017-00:00,16,21,10.6,1017.2,80,0,1.3,10.2,18.3,
30-jan-2017-00:00,31-jan-2017-00:00,16.3,22.2,9.5,1015.9,76,0,1.6,4.6,14.8,
31-jan-2017-00:00,32-jan-2017-00:00,17.3,23.2,9.8,1016,71,0,1.4,4.6,16.5,
1-feb-2017-00:00,2-feb-2017-00:00,16.2,23.4,9.4,1017.9,75,0,1.3,8,16.5,
2-feb-2017-00:00,3-feb-2017-00:00,17,24,8.6,1019.2,66,0,1.6,2.8,7.6,
3-feb-2017-00:00,4-feb-2017-00:00,17.9,25,9.5,1017.3,68,0,1.6,3.3,11.1,
4-feb-2017-00:00,5-feb-2017-00:00,18.8,25.1,11.9,1013.7,79,0,1.3,8.9,16.5,
5-feb-2017-00:00,6-feb-2017-00:00,19.4,23.2,15.5,-,75,0,1.3,8.7,40.7,
6-feb-2017-00:00,7-feb-2017-00:00,17.4,23.5,11,1016.5,73,0,1.6,10.7,22.2,
7-feb-2017-00:00,8-feb-2017-00:00,16.1,23.5,8.6,1015.9,62,0,2.9,10.2,18.3,
8-feb-2017-00:00,9-feb-2017-00:00,16.8,24,9,1015.2,63,0,1.8,5.7,18.3,
9-feb-2017-00:00,10-feb-2017-00:00,16.7,24.2,9.4,1016.4,66,0,1.8,10.6,27.8,
10-feb-2017-00:00,11-feb-2017-00:00,16.1,22.5,9.6,1015.8,66,0,1.9,11.1,24.1,
11-feb-2017-00:00,12-feb-2017-00:00,16.9,24,8,1017.4,58,0,2.1,5.4,11.1,
12-feb-2017-00:00,13-feb-2017-00:00,17.8,25,8.4,1019.7,65,0,2.1,1.5,5.4,
13-feb-2017-00:00,14-feb-2017-00:00,18.2,25,8.9,1021.9,59,0,2.3,7.6,18.3,
14-feb-2017-00:00,15-feb-2017-00:00,18.6,29,10.2,1021.3,59,0,1.8,10.2,18.3,
15-feb-2017-00:00,16-feb-2017-00:00,19.7,27,9.8,1020.3,58,0,2.4,8.7,32.4,
16-feb-2017-00:00,17-feb-2017-00:00,19.9,27.4,13,1017,61,0,1.8,10.4,16.5,
17-feb-2017-00:00,18-feb-2017-00:00,21.3,27.6,15.4,1017.6,65,0,1.9,11.1,20.6,
18-feb-2017-00:00,19-feb-2017-00:00,22.1,30,14.4,1016.2,66,0,2.3,8.5,18.3,
19-feb-2017-00:00,20-feb-2017-00:00,24.1,31,15.6,1011.1,57,0,3.1,7.2,14.8,
20-feb-2017-00:00,21-feb-2017-00:00,24.8,32,16.4,1005,56,0,2.4,6.3,14.8,
21-feb-2017-00:00,22-feb-2017-00:00,20.9,32.4,15.7,1008.2,74,0,1.9,12,24.1,
22-feb-2017-00:00,23-feb-2017-00:00,20.6,27,12,1012.9,55,0,2.6,8.1,18.3,
23-feb-2017-00:00,24-feb-2017-00:00,19.8,27.5,11,1015.6,45,0,2.9,15.4,33.5,
24-feb-2017-00:00,25-feb-2017-00:00,20,25.5,12.4,1015.7,47,0,3.1,18.3,35.9,
25-feb-2017-00:00,26-feb-2017-00:00,21.4,28,13.5,1013.6,47,0,3.1,18.5,35.2,
26-feb-2017-00:00,27-feb-2017-00:00,20.4,28.1,12.4,1012.5,55,0,2.6,16.1,29.4,
27-feb-2017-00:00,28-feb-2017-00:00,21.2,29,11,1014.2,52,0,3.2,8,16.5,
28-feb-2017-00:00,29-feb-2017-00:00,24.2,32,12.5,1012.5,46,0,2.6,3,11.1,
1-mar-2017-00:00,2-mar-2017-00:00,24.7,32.5,18,1012.1,49,0,2.6,5,11.1,
2-mar-2017-00:00,3-mar-2017-00:00,22.8,30.5,16.5,1011.1,59,0,1.9,4.4,11.1,
3-mar-2017-00:00,4-mar-2017-00:00,21.3,28.5,12.5,1010.6,41,0,3.1,8.3,22.2,
4-mar-2017-00:00,5-mar-2017-00:00,20.2,28,11.1,1010.5,43,0,2.9,10.2,18.3,
5-mar-2017-00:00,6-mar-2017-00:00,21.7,28,11.6,-,38,0,2.7,11.7,24.1,
6-mar-2017-00:00,7-mar-2017-00:00,21.5,28,11.3,1009.9,40,0,2.9,12.8,22.2,
7-mar-2017-00:00,8-mar-2017-00:00,23.4,30,12,1008.3,41,0,2.6,5.9,14.8,
8-mar-2017-00:00,9-mar-2017-00:00,22.8,30.7,17.6,1008,54,-,2.9,12,22.2,
9-mar-2017-00:00,10-mar-2017-00:00,20.7,28.2,14.6,1007.6,67,-,2.6,8.1,18.3,
10-mar-2017-00:00,11-mar-2017-00:00,19.6,25,12.7,1007.8,71,-,2.9,10.4,22.2,
11-mar-2017-00:00,12-mar-2017-00:00,18.2,25.8,11.4,1011.1,64,0,3.1,5.7,11.1,
12-mar-2017-00:00,13-mar-2017-00:00,18.3,24,10.5,1015.1,56,0,3.5,9.1,22.2,
13-mar-2017-00:00,14-mar-2017-00:00,18.4,24,9,1015.3,49,0,3.2,9.1,20.6,
14-mar-2017-00:00,15-mar-2017-00:00,19.6,26,9.1,1016.4,50,0,2.7,6.5,22.2,
15-mar-2017-00:00,16-mar-2017-00:00,21.4,28,10.5,1013.7,50,0,2.4,8.5,22.2,
16-mar-2017-00:00,17-mar-2017-00:00,23.8,30.2,14,1011.7,49,0,2.3,4.4,14.8,
17-mar-2017-00:00,18-mar-2017-00:00,22.7,30.4,14.8,1010.2,55,0,2.7,13.7,24.1,
18-mar-2017-00:00,19-mar-2017-00:00,22.8,30,13.5,1010,53,0,2.4,7,14.8,
19-mar-2017-00:00,20-mar-2017-00:00,23.6,30,15.6,1011.7,57,0,2.6,7.6,18.3,
20-mar-2017-00:00,21-mar-2017-00:00,24.2,30,15.4,1012.2,53,0,2.7,11.3,24.1,
21-mar-2017-00:00,22-mar-2017-00:00,26.6,34,16.2,1011.6,47,0,2.9,10.9,22.2,
22-mar-2017-00:00,23-mar-2017-00:00,28.6,35,18.2,1009.6,45,0,2.9,11.9,24.1,
23-mar-2017-00:00,24-mar-2017-00:00,28.9,37,18.4,1009.1,49,0,2.7,4.4,11.1,
24-mar-2017-00:00,25-mar-2017-00:00,29,37.4,20.9,1010.5,41,0,2.4,10,16.5,
25-mar-2017-00:00,26-mar-2017-00:00,27.8,35,17.7,1010.4,41,0,3.4,12.8,27.8,
26-mar-2017-00:00,27-mar-2017-00:00,29.1,35,20.8,1009.8,38,0,3.2,16.1,35.2,
27-mar-2017-00:00,28-mar-2017-00:00,30.6,37,21.8,1009.5,41,0,3.1,13.1,27.8,
28-mar-2017-00:00,29-mar-2017-00:00,31.2,38,22.6,1008.4,40,0,2.9,7.8,22.2,
29-mar-2017-00:00,30-mar-2017-00:00,32.1,38,23.1,1007.2,36,0,3.2,16.5,25.9,
30-mar-2017-00:00,31-mar-2017-00:00,31.9,38.2,23.7,1006.8,37,0,3.2,13.9,25.9,
31-mar-2017-00:00,32-mar-2017-00:00,31.2,38.5,23.3,1007.5,41,0,2.9,8.3,18.3,
1-apr-2017-00:00,2-apr-2017-00:00,32.8,39,23.2,1004.7,36,0,3.2,11.1,22.2,
2-apr-2017-00:00,3-apr-2017-00:00,31.7,39.4,23,1004.2,34,0,3.5,10.7,25.9,
3-apr-2017-00:00,4-apr-2017-00:00,32.8,39,21.4,1004.9,30,0,3.7,10.7,22.2,
4-apr-2017-00:00,5-apr-2017-00:00,30.7,39,21.8,1005.6,35,-,2.9,14.6,35.2,
5-apr-2017-00:00,6-apr-2017-00:00,28.9,36.3,20.1,1003,52,-,3.2,12.2,25.9,
6-apr-2017-00:00,7-apr-2017-00:00,31.8,38,23.2,1004.1,30,0,3.2,12.8,25.9,
7-apr-2017-00:00,8-apr-2017-00:00,28.8,38,19.2,1008,32,0,1.9,5.9,18.3,
8-apr-2017-00:00,9-apr-2017-00:00,27.5,34.4,16.5,1010.8,28,0,2.7,10,20.6,
9-apr-2017-00:00,10-apr-2017-00:00,27.3,33.6,19,1010.8,29,0,3.9,13.3,25.9,
10-apr-2017-00:00,11-apr-2017-00:00,29.1,34,20,-,28,0,3.9,16.9,33.5,
11-apr-2017-00:00,12-apr-2017-00:00,30.5,38,20.7,1006.2,21,0,3.4,18.5,53.9,
12-apr-2017-00:00,13-apr-2017-00:00,30.6,39,20.5,1005.6,27,0,2.9,11.9,29.4,
13-apr-2017-00:00,14-apr-2017-00:00,31.6,40,19.9,1006.3,27,0,2.9,5.6,11.1,
14-apr-2017-00:00,15-apr-2017-00:00,32.4,40.5,20.7,1004.5,33,0,2.3,2.6,9.4,
15-apr-2017-00:00,16-apr-2017-00:00,33,40.6,22,1002.1,29,0,3.2,8.5,24.1,
16-apr-2017-00:00,17-apr-2017-00:00,32.8,40.5,21.4,1003.6,35,0,2.7,4.1,13,
17-apr-2017-00:00,18-apr-2017-00:00,33.6,41,25.5,1004.1,39,0,2.7,5.7,16.5,
18-apr-2017-00:00,19-apr-2017-00:00,34.9,42,24.9,1002.4,31,0,2.6,8,22.2,
19-apr-2017-00:00,20-apr-2017-00:00,-,-,-,-,-,-,-,-,-,
20-apr-2017-00:00,21-apr-2017-00:00,-,-,-,-,-,-,-,-,-,
21-apr-2017-00:00,22-apr-2017-00:00,34.9,43.2,28.9,999.7,45,0,2.7,9.1,21.7,
22-apr-2017-00:00,23-apr-2017-00:00,33.5,40.2,28.5,1001.9,49,0,2.3,8.5,22.2,
23-apr-2017-00:00,24-apr-2017-00:00,33.9,40,26.8,1001.9,31,0,3.2,11.1,22.2,
24-apr-2017-00:00,25-apr-2017-00:00,32.6,39.6,25.6,1004,35,0,3.4,12.6,28.7,
25-apr-2017-00:00,26-apr-2017-00:00,32.5,38,23.8,1003.8,33,-,3.2,10.9,25.9,
26-apr-2017-00:00,27-apr-2017-00:00,32.1,38.3,23,1005.1,35,0,3.2,8.3,27.8,
27-apr-2017-00:00,28-apr-2017-00:00,32.6,38.2,22.5,1006.3,33,0,2.7,11.9,51.9,
28-apr-2017-00:00,29-apr-2017-00:00,32.2,38.5,24,1004.8,37,0,2.9,13.3,39.6,
29-apr-2017-00:00,30-apr-2017-00:00,32.1,39,24,1005.4,40,0,3.1,5.9,20.6,
30-apr-2017-00:00,31-apr-2017-00:00,31.9,39.2,24.3,1006,41,-,3.2,10.6,18.3,
1-may-2017-00:00,2-may-2017-00:00,32.2,38.1,23.1,1007.2,35,0,3.7,5.7,13,
2-may-2017-00:00,3-may-2017-00:00,32.3,39.6,22,1006.8,37,0,3.2,4.4,13,
3-may-2017-00:00,4-may-2017-00:00,32.6,40,24.4,1006.6,35,-,2.3,7.4,18.3,
4-may-2017-00:00,5-may-2017-00:00,32.9,40.1,23.2,1006.8,33,0,3.4,11.1,25.9,
5-may-2017-00:00,6-may-2017-00:00,33.8,40,23.5,1005.3,29,0,2.6,10.2,22.2,
6-may-2017-00:00,7-may-2017-00:00,35.3,42,24,1005.7,32,0,3.4,4.3,11.1,
7-may-2017-00:00,8-may-2017-00:00,36.6,44,25.3,1003.7,27,0,3.4,8,18.3,
8-may-2017-00:00,9-may-2017-00:00,36.6,44.1,27.6,1002.7,30,0,2.6,3.5,9.4,
9-may-2017-00:00,10-may-2017-00:00,35.6,42.8,28,1001.5,36,0,3.2,10.7,20.6,
10-may-2017-00:00,11-may-2017-00:00,33.9,42.8,27.7,1005.3,46,-,3.4,11.5,20.6,
11-may-2017-00:00,12-may-2017-00:00,35,41,26.6,1006,42,0,3.4,4.4,13,
12-may-2017-00:00,13-may-2017-00:00,35.8,42,28.4,1004.8,39,0,2.1,4.1,11.1,
13-may-2017-00:00,14-may-2017-00:00,36,41.8,27.5,1002,35,0,2.7,6.7,18.3,
14-may-2017-00:00,15-may-2017-00:00,37.2,43,27.8,999.8,28,0,3.1,6.7,14.8,
15-may-2017-00:00,16-may-2017-00:00,37.9,44,28.1,998.3,24,0,3.2,10.2,22.2,
16-may-2017-00:00,17-may-2017-00:00,36.3,44.4,29,999.3,31,0,2.6,11.3,16.5,
17-may-2017-00:00,18-may-2017-00:00,32.7,41.4,28.4,1001.1,42,-,3.1,6.7,21.7,
18-may-2017-00:00,19-may-2017-00:00,34.7,40,27.1,1001.7,39,0,3.2,7.6,22.2,
19-may-2017-00:00,20-may-2017-00:00,32.3,40.2,27.4,1001.4,45,-,3.2,6.5,18.3,
20-may-2017-00:00,21-may-2017-00:00,34,41.4,28.4,1000,38,0,3.4,5.4,22.2,
21-may-2017-00:00,22-may-2017-00:00,31.2,39,24,1001.5,45,-,2.1,9.8,22.2,
22-may-2017-00:00,23-may-2017-00:00,27.1,39.6,21.8,1003.7,64,-,2.7,6.3,14.8,
23-may-2017-00:00,24-may-2017-00:00,33.4,38,23.3,1003.2,40,0,3.2,5.7,18.3,
24-may-2017-00:00,25-may-2017-00:00,35.4,41,26.6,1001.6,40,0,3.1,7,14.8,
25-may-2017-00:00,26-may-2017-00:00,36.4,41.6,28.5,999.1,36,0,3.4,4.3,11.1,
26-may-2017-00:00,27-may-2017-00:00,37.8,44,29,997.3,33,0,3.1,8.3,22.2,
27-may-2017-00:00,28-may-2017-00:00,35.3,43.9,29.3,998,46,0,3.9,13.3,18.3,
28-may-2017-00:00,29-may-2017-00:00,31.7,40.5,22.5,998.6,57,-,3.4,11.7,28.7,
29-may-2017-00:00,30-may-2017-00:00,28.9,36.3,22.7,-,69,-,3.5,10.9,40.7,
30-may-2017-00:00,31-may-2017-00:00,32.4,37,22,997.3,52,0,3.7,5.2,9.4,
31-may-2017-00:00,32-may-2017-00:00,29.4,37,26,1000.2,69,-,2.9,9.4,20.6,
1-june-2017-00:00,2-june-2017-00:00,32.9,37,24.9,1000.7,52,0,2.4,5,14.8,
2-june-2017-00:00,3-june-2017-00:00,34.9,40,26,999.4,38,0,2.6,6.7,13,
3-june-2017-00:00,4-june-2017-00:00,37.3,42.5,28.7,996.6,32,0,3.4,12.2,35.2,
4-june-2017-00:00,5-june-2017-00:00,39.8,45,30.4,996.2,24,0,3.5,15.4,25.9,
5-june-2017-00:00,6-june-2017-00:00,39.9,45,33.6,-,30,0,3.2,15.2,29.4,
6-june-2017-00:00,7-june-2017-00:00,37.9,44.6,30,1000.5,38,0,3.1,16.9,29.4,
7-june-2017-00:00,8-june-2017-00:00,31.7,43,26,1003.5,51,-,3.2,14.3,37,
16-oct-2017-00:00,17-oct-2017-00:00,27.2,36.5,19,1006,55,0,2.3,2.6,9.4,
17-oct-2017-00:00,18-oct-2017-00:00,26.6,35,18.4,1007.2,56,0,2.3,4.3,11.1,
18-oct-2017-00:00,19-oct-2017-00:00,27.4,34.5,18.7,1009.1,53,0,2.4,4.3,14.8,
19-oct-2017-00:00,20-oct-2017-00:00,28.5,36,19.4,1008.8,58,0,2.4,0.6,9.4,
20-oct-2017-00:00,21-oct-2017-00:00,27.8,36.3,20.5,1007.5,62,0,1.3,2,13,
21-oct-2017-00:00,22-oct-2017-00:00,25.9,35.3,18.4,1005.6,61,0,1.6,3.1,11.1,
22-oct-2017-00:00,23-oct-2017-00:00,27.7,36,18,1005.9,55,0,2.3,2.2,11.1,
23-oct-2017-00:00,24-oct-2017-00:00,27.8,36.5,18.8,-,52,0,2.3,0.2,3.5,
24-oct-2017-00:00,25-oct-2017-00:00,24.3,35.4,17.8,1010.9,61,0,1.9,3.5,14.8,
25-oct-2017-00:00,26-oct-2017-00:00,23.8,33,17,1013.7,63,0,1.6,2.6,7.6,
26-oct-2017-00:00,27-oct-2017-00:00,23.8,33.1,16.1,1014,67,0,1.9,0.7,5.4,
27-oct-2017-00:00,28-oct-2017-00:00,23.8,33.2,17.3,1012.8,69,0,1.8,0.7,5.4,
28-oct-2017-00:00,29-oct-2017-00:00,23.3,32.8,16.6,1013,69,0,1.8,0.4,3.5,
29-oct-2017-00:00,30-oct-2017-00:00,22.9,33.4,16.7,1015.3,73,0,1.8,0,-,
30-oct-2017-00:00,31-oct-2017-00:00,22.5,32.6,16.7,1014.9,78,0,1.4,0,-,
31-oct-2017-00:00,32-oct-2017-00:00,22.6,30,16.4,1013.3,77,0,1.1,0,-,
1-nov-2017-00:00,2-nov-2017-00:00,23.5,31.4,17.6,1014,72,0,1.6,1.7,9.4,
2-nov-2017-00:00,3-nov-2017-00:00,23.3,32,19.4,1012.9,79,0,1.3,2.6,9.4,
3-nov-2017-00:00,4-nov-2017-00:00,22.7,30.3,17.5,1013.5,78,0,1.1,0.4,3.5,
4-nov-2017-00:00,5-nov-2017-00:00,22.7,30.1,16.7,1015.7,76,0,1.1,2,9.4,
5-nov-2017-00:00,6-nov-2017-00:00,23.2,30.3,16,1015.4,72,0,1.4,0.6,3.5,
6-nov-2017-00:00,7-nov-2017-00:00,22.1,31,16.6,1014.6,71,0,1.4,2,9.4,
7-nov-2017-00:00,8-nov-2017-00:00,21.1,30,16,1014.4,73,0,0.6,1.9,11.1,
8-nov-2017-00:00,9-nov-2017-00:00,19.7,30.2,14,1014,82,0,0.3,0.4,3.5,
9-nov-2017-00:00,10-nov-2017-00:00,20.1,30.4,13.8,1013.2,71,0,0.5,0.9,7.6,
10-nov-2017-00:00,11-nov-2017-00:00,19.9,30.5,13,1014.2,72,0,0.8,0.7,5.4,
11-nov-2017-00:00,12-nov-2017-00:00,19.8,29.1,12.6,1014.8,74,0,1,0,-,
12-nov-2017-00:00,13-nov-2017-00:00,19.1,28.3,13,1012.3,78,0,0.5,0.7,5.4,
13-nov-2017-00:00,14-nov-2017-00:00,19.3,28.5,12.4,1010.9,74,0,0.6,0.4,3.5,
14-nov-2017-00:00,15-nov-2017-00:00,20.1,28.5,14.6,1011.2,73,0,0.8,1.9,7.6,
15-nov-2017-00:00,16-nov-2017-00:00,18.8,27.7,13.2,1012.4,76,0,1.1,0.6,-,
16-nov-2017-00:00,17-nov-2017-00:00,17.6,27.7,13.4,1014.2,78,0,1.3,1.3,5.4,
17-nov-2017-00:00,18-nov-2017-00:00,19.8,25.6,13.9,1014.4,69,-,1.8,5.6,13,
18-nov-2017-00:00,19-nov-2017-00:00,20.4,26.1,15.2,1014.9,72,0,1.3,2.6,3.5,
19-nov-2017-00:00,20-nov-2017-00:00,18.1,24.3,13.5,1016.5,60,0,1.8,5.6,14.8,
20-nov-2017-00:00,21-nov-2017-00:00,15.9,24.5,9.4,1017.3,58,0,1.4,3.9,11.1,
21-nov-2017-00:00,22-nov-2017-00:00,16,24.4,10.2,1015.1,59,0,1.8,5.2,18.3,
22-nov-2017-00:00,23-nov-2017-00:00,16.3,24.7,9.6,1014.1,53,0,2.1,5.9,14.8,
23-nov-2017-00:00,24-nov-2017-00:00,15.9,25.5,9.4,1014,60,0,2.1,3.7,13,
24-nov-2017-00:00,25-nov-2017-00:00,17.1,26.2,7.6,1015.3,53,0,2.6,4.4,14.8,
25-nov-2017-00:00,26-nov-2017-00:00,16.9,26.5,8.6,1016,57,0,1.9,3.5,9.4,
26-nov-2017-00:00,27-nov-2017-00:00,16.9,27.5,8.6,1016.7,63,0,1.6,1.1,9.4,
27-nov-2017-00:00,28-nov-2017-00:00,16.3,27.5,9,1013.9,63,0,1.9,5,13,
28-nov-2017-00:00,29-nov-2017-00:00,15.2,28.4,8.6,1014,69,0,1.9,1.7,11.1,
29-nov-2017-00:00,30-nov-2017-00:00,17.3,29.2,9,1015.5,70,0,1.9,0.4,3.5,
30-nov-2017-00:00,31-nov-2017-00:00,16.7,29.2,9.6,1015.7,66,0,1.8,1.5,11.1,
1-dec-2017-00:00,2-dec-2017-00:00,15.7,27.1,8.2,1015.7,66,0,1.6,1.7,13,
2-dec-2017-00:00,3-dec-2017-00:00,15.2,26,7.4,1017,65,0,1.6,0,-,
3-dec-2017-00:00,4-dec-2017-00:00,15.1,26.4,8,1016.6,72,0,1.3,0.7,5.4,
4-dec-2017-00:00,5-dec-2017-00:00,16.1,23.9,8.3,1014.9,70,0,1.4,0.4,3.5,
5-dec-2017-00:00,6-dec-2017-00:00,18.6,23.5,13.7,1014.7,68,0,1,4.3,11.1,
6-dec-2017-00:00,7-dec-2017-00:00,18.1,24,13.3,1014.4,56,0,1.9,4.6,11.1,
7-dec-2017-00:00,8-dec-2017-00:00,17.4,25,12,1015.7,47,-,1.9,6.1,22.2,
8-dec-2017-00:00,9-dec-2017-00:00,16.6,25.2,9.4,1015.4,52,0,1.9,6.7,22.2,
9-dec-2017-00:00,10-dec-2017-00:00,16.1,26.6,0.7,1015.3,60,0,1.9,1.7,9.4,
10-dec-2017-00:00,11-dec-2017-00:00,15.7,27.2,7.4,1015,69,0,1.4,0.4,3.5,
11-dec-2017-00:00,12-dec-2017-00:00,16.6,27.2,8.2,1013.8,77,-,1.6,3.1,9.4,
12-dec-2017-00:00,13-dec-2017-00:00,17.3,24.2,13.8,1015.7,86,0,1.3,3.9,14.8,
13-dec-2017-00:00,14-dec-2017-00:00,15.7,21.7,12,1018.2,85,0,1,3.3,7.6,
14-dec-2017-00:00,15-dec-2017-00:00,13.6,21.3,9.6,1020.1,83,0,0.8,4.8,11.1,
15-dec-2017-00:00,16-dec-2017-00:00,12.7,19.5,8,1021,78,0,1,6.1,11.1,
16-dec-2017-00:00,17-dec-2017-00:00,13.3,20.5,7.6,1021.5,72,0,1.4,10.9,22.2,
17-dec-2017-00:00,18-dec-2017-00:00,14.7,22.6,7.8,1021.1,62,0,1.9,13.1,18.3,
18-dec-2017-00:00,19-dec-2017-00:00,15.9,24.6,9.8,1019.7,62,0,1.9,8,14.8,
19-dec-2017-00:00,20-dec-2017-00:00,15.2,25.6,9.6,1019.9,70,0,1.4,4.4,9.4,
20-dec-2017-00:00,21-dec-2017-00:00,16.4,23.7,9.6,1020.6,82,0,0.5,2.8,9.4,
21-dec-2017-00:00,22-dec-2017-00:00,17.4,25,12,1020.8,76,0,0.8,1.3,9.4,
22-dec-2017-00:00,23-dec-2017-00:00,17.9,25.2,11,1018.2,61,0,1.4,10,18.3,
23-dec-2017-00:00,24-dec-2017-00:00,16.1,25.3,10.6,1015,65,0,3.1,6.7,16.5,
24-dec-2017-00:00,25-dec-2017-00:00,15.6,25.2,6.3,1015.9,67,0,1.3,0.7,5.4,
25-dec-2017-00:00,26-dec-2017-00:00,13.5,25.1,7,1017.8,79,0,1,3.9,13,
26-dec-2017-00:00,27-dec-2017-00:00,14.4,23.2,7.1,1017.7,74,0,1.3,2,7.6,
27-dec-2017-00:00,28-dec-2017-00:00,15.1,25,7.6,1017.1,71,0,1.3,3.5,13,
28-dec-2017-00:00,29-dec-2017-00:00,15.1,25.4,7,1016.7,70,0,1.4,2.2,13,
29-dec-2017-00:00,30-dec-2017-00:00,15.3,25.3,6.8,1017.4,67,0,1.1,2.6,11.1,
30-dec-2017-00:00,31-dec-2017-00:00,14.7,25.3,7.2,1017.3,74,0,1,0.6,3.5,
31-dec-2017-00:00,32-dec-2017-00:00,-,-,-,-,-,-,-,-,-,
1-jan-2018-00:00,2-jan-2018-00:00,12.2,23.9,5.7,1014.5,88,0,0.3,0.7,5.4,
2-jan-2018-00:00,3-jan-2018-00:00,11.8,20.1,8.4,1015.3,89,0,0.3,2.8,9.4,
3-jan-2018-00:00,4-jan-2018-00:00,11.3,18.2,6.7,1015.6,85,0,0.6,3.5,9.4,
4-jan-2018-00:00,5-jan-2018-00:00,12.2,20.2,5,1015.9,81,0,0.6,4.4,9.4,
5-jan-2018-00:00,6-jan-2018-00:00,11.6,17.6,7.6,1015,82,0,0.6,3.5,9.4,
6-jan-2018-00:00,7-jan-2018-00:00,11.4,20.8,4.2,1014.3,76,0,0.6,3.9,9.4,
7-jan-2018-00:00,8-jan-2018-00:00,13.2,20.8,6.4,1015.2,69,0,1.4,8.5,14.8,
8-jan-2018-00:00,9-jan-2018-00:00,12.1,20.7,5,1017.6,72,0,1.4,3.9,11.1,
9-jan-2018-00:00,10-jan-2018-00:00,12.2,21.7,4.2,1019.1,75,0,1.4,5.7,18.3,
10-jan-2018-00:00,11-jan-2018-00:00,14.8,23,6.8,1018.4,67,0,1.4,11.5,24.1,
11-jan-2018-00:00,12-jan-2018-00:00,14.4,23.4,8,1016.6,68,0,1.4,10.2,22.2,
12-jan-2018-00:00,13-jan-2018-00:00,14.6,22.7,8,1015.8,70,-,1.6,5.2,16.5,
13-jan-2018-00:00,14-jan-2018-00:00,13.6,23.7,5.5,1016.1,68,0,1.4,4.4,18.3,
14-jan-2018-00:00,15-jan-2018-00:00,14,23.7,5.7,1016.2,69,0,2.3,4.8,14.8,
15-jan-2018-00:00,16-jan-2018-00:00,14.7,25,6.4,1015.6,70,0,1.4,9.4,24.1,
16-jan-2018-00:00,17-jan-2018-00:00,16.1,24.5,9.1,1013.6,59,0,1.9,6.9,14.8,
17-jan-2018-00:00,18-jan-2018-00:00,13.6,25.5,5.6,1015.3,80,0,0.8,3.7,13,
18-jan-2018-00:00,19-jan-2018-00:00,16.1,27.2,7,1015.2,76,0,1,0.9,7.6,
19-jan-2018-00:00,20-jan-2018-00:00,15.8,24.2,9.5,1016,79,0,1,4.6,11.1,
20-jan-2018-00:00,21-jan-2018-00:00,14.2,24.9,8,1014.9,75,0,0.6,5,13,
21-jan-2018-00:00,22-jan-2018-00:00,13.9,25.2,5,1014.7,70,0,1.9,0.4,3.5,
22-jan-2018-00:00,23-jan-2018-00:00,15.5,25.8,5.9,1012.9,74,0,1.6,2.6,11.1,
23-jan-2018-00:00,24-jan-2018-00:00,12.7,25.2,9.4,1011.1,91,-,0.8,4.8,9.4,
24-jan-2018-00:00,25-jan-2018-00:00,13,18,7.4,1013.9,89,0,0.6,3.9,44.3,
25-jan-2018-00:00,26-jan-2018-00:00,12.5,18.9,8.8,1013.4,90,0,0.6,8.3,16.5,
26-jan-2018-00:00,27-jan-2018-00:00,12.1,18.4,7,1014.1,89,0,0.5,4.4,9.4,
27-jan-2018-00:00,28-jan-2018-00:00,13,20.2,8,1014.4,79,0,0.6,4.3,9.4,
28-jan-2018-00:00,29-jan-2018-00:00,13.5,21.7,6.4,1015,73,0,0.8,5.4,11.1,
29-jan-2018-00:00,30-jan-2018-00:00,14.3,23.4,7,1016.2,73,0,1.3,6.5,14.8,
30-jan-2018-00:00,31-jan-2018-00:00,16.9,26.4,9.8,1015,63,0,1.6,14.1,20.6,
31-jan-2018-00:00,32-jan-2018-00:00,17.2,26.9,9.9,1014.3,69,0,1.4,13,25.9,
1-feb-2018-00:00,2-feb-2018-00:00,18.7,27.2,11,1013.9,69,0,1.4,3,13,
2-feb-2018-00:00,3-feb-2018-00:00,17.7,27.8,10.5,1012.7,69,0,1.6,3.7,14.8,
3-feb-2018-00:00,4-feb-2018-00:00,16,26.5,9.3,1015.4,57,0,1.4,4.4,13,
4-feb-2018-00:00,5-feb-2018-00:00,14.4,24.6,9,1015.7,61,0,1.9,4.8,11.1,
5-feb-2018-00:00,6-feb-2018-00:00,15.1,23.7,6.3,1018.4,55,0,1.4,3.7,11.1,
6-feb-2018-00:00,7-feb-2018-00:00,16,22,11.4,1017.5,54,0,1.8,8.5,14.8,
7-feb-2018-00:00,8-feb-2018-00:00,15,23.6,8.5,1014.6,55,0,1.4,7.4,22.2,
8-feb-2018-00:00,9-feb-2018-00:00,13.9,24.1,5.5,1013.8,61,0,1.6,1.7,9.4,
9-feb-2018-00:00,10-feb-2018-00:00,14.6,24,6.1,1014.4,59,0,1.3,2.2,7.6,
10-feb-2018-00:00,11-feb-2018-00:00,14.2,24.4,6.1,1016.8,71,0,1.6,0,-,
11-feb-2018-00:00,12-feb-2018-00:00,17.4,25.6,8.5,1015.1,59,0,1.9,6.5,14.8,
12-feb-2018-00:00,13-feb-2018-00:00,16.4,25.4,13,1018.9,78,0,1.9,7.6,14.8,
13-feb-2018-00:00,14-feb-2018-00:00,16.4,23.4,9,1022.5,75,0,1.6,5.2,14.8,
14-feb-2018-00:00,15-feb-2018-00:00,16.4,23.5,10.2,1021.6,63,0,1.8,11.1,25.9,
15-feb-2018-00:00,16-feb-2018-00:00,17.5,23.4,11.6,1019.6,66,0,2.4,9.8,25.9,
16-feb-2018-00:00,17-feb-2018-00:00,17.7,24.8,11.2,1017.3,73,0,1.4,4.8,13,
17-feb-2018-00:00,18-feb-2018-00:00,18.4,25.4,12.6,1012.5,67,0,1.4,5.7,14.8,
18-feb-2018-00:00,19-feb-2018-00:00,16.9,26.4,12.2,1012.4,69,0,1.9,3.7,11.1,
19-feb-2018-00:00,20-feb-2018-00:00,18.1,26.6,10,1013.9,60,0,1.6,3.3,18.3,
20-feb-2018-00:00,21-feb-2018-00:00,19,28.2,10.1,1012.9,62,0,2.1,4.4,14.8,
21-feb-2018-00:00,22-feb-2018-00:00,21.5,31.2,12.5,1010.5,59,0,1.8,1.5,5.4,
22-feb-2018-00:00,23-feb-2018-00:00,22,31.7,14,1009.7,63,0,1.9,0.9,3.5,
23-feb-2018-00:00,24-feb-2018-00:00,22.8,32,15.5,1009.6,64,0,1.9,0.9,3.5,
24-feb-2018-00:00,25-feb-2018-00:00,23.9,31.1,17,1012.1,68,0,1.8,2.4,7.6,
25-feb-2018-00:00,26-feb-2018-00:00,22.5,31.6,17,1015.4,65,0,1.9,7.4,16.5,
26-feb-2018-00:00,27-feb-2018-00:00,21.1,29.4,14.5,1012.8,64,0,2.6,11.3,25.9,
27-feb-2018-00:00,28-feb-2018-00:00,22.3,29.8,15.4,1012.6,65,0,1.9,6.3,24.1,
28-feb-2018-00:00,29-feb-2018-00:00,22.9,30.2,15.4,1012.5,68,0,1.6,2,7.6,
1-mar-2018-00:00,2-mar-2018-00:00,21.7,30.7,14.9,1010.8,62,0,1.6,1.7,7.6,
2-mar-2018-00:00,3-mar-2018-00:00,22.9,31,15.5,1009,58,0,2.3,3.9,14.8,
3-mar-2018-00:00,4-mar-2018-00:00,24.1,32.3,16.6,1006.9,53,0,2.1,2,9.4,
4-mar-2018-00:00,5-mar-2018-00:00,22.6,33.1,17.3,1009.3,54,0,1.9,5,14.8,
5-mar-2018-00:00,6-mar-2018-00:00,22.2,31.7,14.5,1013.1,52,0,2.4,6.3,11.1,
6-mar-2018-00:00,7-mar-2018-00:00,21,28.8,14.8,1013.4,56,0,1.8,12.8,31.7,
7-mar-2018-00:00,8-mar-2018-00:00,21.8,29.4,14.7,1012.3,53,0,2.6,7.6,22.2,
8-mar-2018-00:00,9-mar-2018-00:00,22.6,31.6,13.3,1013.2,57,0,2.3,3.1,14.8,
9-mar-2018-00:00,10-mar-2018-00:00,23.4,32.2,14.8,1013.1,52,0,1.8,3.5,11.1,
10-mar-2018-00:00,11-mar-2018-00:00,23.9,32.2,16,1011.8,50,0,2.3,6.7,22.2,
11-mar-2018-00:00,12-mar-2018-00:00,23.6,32.6,16.5,1011.8,54,0,2.3,4.3,11.1,
12-mar-2018-00:00,13-mar-2018-00:00,24.8,34.4,16.4,1010.8,49,0,2.6,5.4,14.8,
13-mar-2018-00:00,14-mar-2018-00:00,25.9,35.6,17.1,1008.9,45,0,2.3,2.8,11.1,
14-mar-2018-00:00,15-mar-2018-00:00,24.8,36.2,17,1007.1,47,0,2.7,1.9,9.4,
15-mar-2018-00:00,16-mar-2018-00:00,25,34.1,17.2,1007.8,51,0,2.6,11.3,27.8,
16-mar-2018-00:00,17-mar-2018-00:00,24,32.4,16.8,1009.1,52,0,2.4,6.3,11.1,
17-mar-2018-00:00,18-mar-2018-00:00,24,31.2,17.5,1010.4,44,0,2.7,6.1,18.3,
18-mar-2018-00:00,19-mar-2018-00:00,23.5,31.6,14.6,1012.1,44,0,2.6,5,11.1,
19-mar-2018-00:00,20-mar-2018-00:00,24.6,34.4,15,1012.9,44,0,2.3,4.4,14.8,
20-mar-2018-00:00,21-mar-2018-00:00,26.1,35,16.5,1009.2,45,0,2.6,2.2,5.4,
21-mar-2018-00:00,22-mar-2018-00:00,26.1,35,21,1007.8,53,0,2.6,5.6,14.8,
22-mar-2018-00:00,23-mar-2018-00:00,24.8,33.2,18.5,1008.6,56,0,1.9,4.4,11.1,
23-mar-2018-00:00,24-mar-2018-00:00,24.1,31.1,18,1010.5,54,0,1.8,7.4,18.3,
24-mar-2018-00:00,25-mar-2018-00:00,25.4,31.6,18.3,1012.5,49,0,2.6,6.1,11.1,
25-mar-2018-00:00,26-mar-2018-00:00,25.7,32.3,18.5,1013.6,49,0,1.9,8.7,22.2,
26-mar-2018-00:00,27-mar-2018-00:00,26.3,33.6,19.5,1011,44,0,2.6,9.1,22.2,
27-mar-2018-00:00,28-mar-2018-00:00,27.1,36.8,17.3,1007.9,38,0,3.2,4.6,14.8,
28-mar-2018-00:00,29-mar-2018-00:00,28.8,38.6,17.6,1007,36,0,2.6,4.4,9.4,
29-mar-2018-00:00,30-mar-2018-00:00,27.8,38.6,19.6,1006.3,42,0,2.6,8.1,24.1,
30-mar-2018-00:00,31-mar-2018-00:00,27.9,36.1,20,1004.4,41,0,2.7,9.8,22.2,
31-mar-2018-00:00,32-mar-2018-00:00,26.9,36.2,20,1007.6,51,0,2.9,9.1,14.8,
1-apr-2018-00:00,2-apr-2018-00:00,27.8,34.8,20,1008.6,52,0,2.7,6.1,11.1,
2-apr-2018-00:00,3-apr-2018-00:00,27.6,36.2,20.8,1009,53,0,2.6,4.8,11.1,
3-apr-2018-00:00,4-apr-2018-00:00,29.4,38.2,21.4,1007.2,49,0,2.6,2.6,5.4,
4-apr-2018-00:00,5-apr-2018-00:00,30.2,38.6,23,1004.3,48,0,2.6,2.6,11.1,
5-apr-2018-00:00,6-apr-2018-00:00,30.4,39,23.2,1003.6,46,0,2.1,3.9,7.6,
6-apr-2018-00:00,7-apr-2018-00:00,27.8,37.6,21,1006.2,52,-,2.3,4.6,11.1,
7-apr-2018-00:00,8-apr-2018-00:00,27.9,36.6,19,1008.3,57,5.08,2.7,5.9,9.4,
8-apr-2018-00:00,9-apr-2018-00:00,29.4,35.6,23,1008.8,51,0,2.3,9.1,18.3,
9-apr-2018-00:00,10-apr-2018-00:00,25.2,36.3,20.2,1010.1,67,2.03,2.9,6.7,22.2,
10-apr-2018-00:00,11-apr-2018-00:00,28.4,35,21.4,1007.7,50,1.02,2.6,7,22.2,
11-apr-2018-00:00,12-apr-2018-00:00,26.6,35.5,23.6,1008.2,54,0,2.6,11.1,18.3,
12-apr-2018-00:00,13-apr-2018-00:00,26.8,33.4,17.6,1007.3,48,5.08,3.1,5.9,11.1,
13-apr-2018-00:00,14-apr-2018-00:00,25.8,34.4,18.2,1008.3,38,0,2.3,3,14.8,
14-apr-2018-00:00,15-apr-2018-00:00,28.1,36,18.2,1006.8,36,0,3.1,4.6,14.8,
15-apr-2018-00:00,16-apr-2018-00:00,30.1,38,20.5,1006,39,0,2.7,3.1,11.1,
16-apr-2018-00:00,17-apr-2018-00:00,30.8,39.4,22.4,1006.3,40,0,1.9,5.9,18.3,
17-apr-2018-00:00,18-apr-2018-00:00,31.4,40,23.3,1007.6,31,0,2.6,4.8,11.1,
18-apr-2018-00:00,19-apr-2018-00:00,32,38.6,23.7,1006.5,27,0,2.7,8,11.1,
19-apr-2018-00:00,20-apr-2018-00:00,31.1,39,23,1003,32,0,2.6,5,22.2,
20-apr-2018-00:00,21-apr-2018-00:00,32.7,39.4,24,1002.6,26,0,1.9,12.4,33.5,
21-apr-2018-00:00,22-apr-2018-00:00,29.2,39.5,24,1007.9,31,0,2.6,9.1,14.8,
22-apr-2018-00:00,23-apr-2018-00:00,28.6,34.4,21.2,1008.1,24,0,2.3,10.4,31.7,
23-apr-2018-00:00,24-apr-2018-00:00,29.2,35.4,22,1006.8,26,0,2.6,7.4,14.8,
24-apr-2018-00:00,25-apr-2018-00:00,29.8,37.8,20.5,1005.5,31,0,2.7,6.9,18.3,
25-apr-2018-00:00,26-apr-2018-00:00,31.7,41.4,20.8,1002.3,26,0,2.6,5.6,18.3,
26-apr-2018-00:00,27-apr-2018-00:00,33.2,41.6,25.5,1001.5,31,0,1.9,4.8,13,
27-apr-2018-00:00,28-apr-2018-00:00,32.4,42,26.4,1004.7,48,0,3.1,7,9.4,
28-apr-2018-00:00,29-apr-2018-00:00,33.3,39.2,28.4,1003.8,43,0,1.9,10.2,25.9,
29-apr-2018-00:00,30-apr-2018-00:00,32.4,39.6,26.2,1000.4,49,0,2.4,2,11.1,
30-apr-2018-00:00,31-apr-2018-00:00,33,40.4,25,999.8,43,1.02,2.3,6.3,14.8,
1-may-2018-00:00,2-may-2018-00:00,31.7,40,26.5,1003.4,52,0,2.7,10,14.8,
2-may-2018-00:00,3-may-2018-00:00,28.8,37.6,20.2,1004.7,59,12.95,1.6,13.7,31.3,
3-may-2018-00:00,4-may-2018-00:00,29.6,34.2,25,1005.8,52,0,1.9,10,14.8,
4-may-2018-00:00,5-may-2018-00:00,30.2,36.4,22.6,1005.2,59,5.08,2.7,7.4,14.8,
5-may-2018-00:00,6-may-2018-00:00,32.3,38.4,25.6,1004.3,49,0,2.7,4.3,9.4,
6-may-2018-00:00,7-may-2018-00:00,31.3,39.1,26.5,1005.4,42,0,1.9,8.7,22.2,
7-may-2018-00:00,8-may-2018-00:00,31.2,38,24,1003.2,40,0,1.9,11.7,37,
8-may-2018-00:00,9-may-2018-00:00,29.1,39.6,24.6,1004.3,43,0,1.8,7.4,22.2,
9-may-2018-00:00,10-may-2018-00:00,28.3,35.2,22.4,1006.1,57,0,1.9,3.3,11.1,
10-may-2018-00:00,11-may-2018-00:00,30.9,38.6,21.5,1006.2,43,0.76,1.9,3.9,9.4,
11-may-2018-00:00,12-may-2018-00:00,33.6,41,24.2,1002.5,37,0,2.3,3.5,11.1,
12-may-2018-00:00,13-may-2018-00:00,34.8,42.8,26.7,1002,47,0,1.9,6.7,13,
13-may-2018-00:00,14-may-2018-00:00,29.9,42.2,24.4,1003.5,56,7.87,1.8,12,31.3,
14-may-2018-00:00,15-may-2018-00:00,30.2,35.6,24,1004.6,53,0,2.6,6.7,9.4,
15-may-2018-00:00,16-may-2018-00:00,32.2,37.4,26.4,1002.2,54,0,2.7,5.2,16.5,
16-may-2018-00:00,17-may-2018-00:00,34.2,40,25,1001.6,34,0.25,2.7,3.9,9.4,
17-may-2018-00:00,18-may-2018-00:00,34.3,41.2,26.1,1001.6,33,0,2.3,2.2,11.1,
18-may-2018-00:00,19-may-2018-00:00,33.2,41.8,26.7,1001.4,40,0,1.9,3,14.8,
19-may-2018-00:00,20-may-2018-00:00,33.1,41.2,26.4,1001.7,40,0,1.9,4.4,14.8,
20-may-2018-00:00,21-may-2018-00:00,33.2,41.4,27,1002.8,33,0,2.6,3.1,14.8,
21-may-2018-00:00,22-may-2018-00:00,34.1,41.2,25.5,1002.9,26,0,2.7,5.9,16.5,
22-may-2018-00:00,23-may-2018-00:00,35,43,26.2,1002,30,0,3.1,3.7,9.4,
23-may-2018-00:00,24-may-2018-00:00,34.8,44,26.7,1000.3,37,0,1.9,2.4,7.6,
24-may-2018-00:00,25-may-2018-00:00,33.1,43,26.5,1000.2,39,0,2.6,2.6,9.4,
25-may-2018-00:00,26-may-2018-00:00,34.5,43,23.8,1000.1,25,0,2.7,6.5,22.2,
26-may-2018-00:00,27-may-2018-00:00,34.5,44,24.5,998.9,27,0,1.9,4.4,18.3,
27-may-2018-00:00,28-may-2018-00:00,36.1,45,26.3,998.1,24,0,2.7,8.7,25.9,
28-may-2018-00:00,29-may-2018-00:00,35.5,44.2,27.2,996.6,35,0,2.9,3.5,9.4,
29-may-2018-00:00,30-may-2018-00:00,37.8,44,25.9,996.3,30,0,3.5,7.6,14.8,
30-may-2018-00:00,31-may-2018-00:00,34.5,44.4,29.6,997.6,48,0,2.6,10.2,20.6,
31-may-2018-00:00,32-may-2018-00:00,35.9,42,29.4,999.7,46,0,2.7,7,14.8,
1-june-2018-00:00,2-june-2018-00:00,34.6,42.1,28.4,1000.7,50,0,2.6,12.8,33.5,
2-june-2018-00:00,3-june-2018-00:00,32.3,42,26.6,1001.6,53,0,2.7,12,18.3,
3-june-2018-00:00,4-june-2018-00:00,34,39.2,27.7,998.6,56,0,2.6,9.6,14.8,
4-june-2018-00:00,5-june-2018-00:00,35.9,41,30.4,998.2,51,0,2.7,11.1,14.8,
5-june-2018-00:00,6-june-2018-00:00,36.3,41.7,31.2,1000.7,52,0,2.6,10.7,14.8,
6-june-2018-00:00,7-june-2018-00:00,33,41.6,28.5,1001.9,64,0,2.6,11.7,22.2,
7-june-2018-00:00,8-june-2018-00:00,35.8,40.8,29.2,997,53,0,1.9,6.5,11.1,
8-june-2018-00:00,9-june-2018-00:00,35.2,41.4,32,994.3,55,0,1.9,11.3,18.3,
9-june-2018-00:00,10-june-2018-00:00,30.3,40.5,25.6,995.1,75,5.08,1.4,11.5,33.5,
10-june-2018-00:00,11-june-2018-00:00,33,40.1,23.4,994.6,58,0,2.6,3.9,9.4,
11-june-2018-00:00,12-june-2018-00:00,35.6,40.4,29.8,991.9,45,0,1.9,9.1,18.3,
12-june-2018-00:00,13-june-2018-00:00,37,41,30.5,989.8,46,0,1.9,14.1,29.4,
13-june-2018-00:00,14-june-2018-00:00,37.8,41.7,34,990.4,41,0,1.6,19.4,33.5,
14-june-2018-00:00,15-june-2018-00:00,36.8,41.2,33,992.5,41,0,1.6,16.9,25.9,
15-june-2018-00:00,16-june-2018-00:00,36.7,40.5,33.4,994.7,43,0,1.9,17.4,27.8,
16-june-2018-00:00,17-june-2018-00:00,35.1,40.6,32.2,997.2,52,0,1.9,13.5,33.5,
17-june-2018-00:00,18-june-2018-00:00,32.1,40,28.2,998.5,59,0,1.9,10.9,18.3,
18-june-2018-00:00,19-june-2018-00:00,32.8,36.8,27.9,998.8,53,0,1.9,8.5,20.6,
19-june-2018-00:00,20-june-2018-00:00,34.2,39.4,26.5,998.2,49,0,2.6,5.9,16.5,
20-june-2018-00:00,21-june-2018-00:00,35.2,40.2,29.8,998.9,55,0,2.6,1.9,5.4,
21-june-2018-00:00,22-june-2018-00:00,36.2,41.9,30.9,998.2,50,0,1.9,3.5,11.1,
22-june-2018-00:00,23-june-2018-00:00,36.1,42,30,997.3,44,0,1.9,3,11.1,
23-june-2018-00:00,24-june-2018-00:00,36.6,42.5,31.6,996.8,42,0,1.9,3.7,7.6,
24-june-2018-00:00,25-june-2018-00:00,36.5,42.4,31.6,995.9,44,0,2.6,4.8,14.8,
25-june-2018-00:00,26-june-2018-00:00,36.6,42.2,32.6,993.8,42,0,2.1,11.3,31.7,
26-june-2018-00:00,27-june-2018-00:00,32.4,42.7,30.7,995.5,59,0,1.9,5.4,11.1,
27-june-2018-00:00,28-june-2018-00:00,30.3,37.5,26.2,997.8,76,3.05,1.9,10.2,18.3,
28-june-2018-00:00,29-june-2018-00:00,29.9,37.5,24.2,998.9,78,20.07,1.9,11.5,18.3,
29-june-2018-00:00,30-june-2018-00:00,30.7,35.2,27.9,998.6,77,1.02,1.9,11.1,24.1,
30-june-2018-00:00,31-june-2018-00:00,31.3,35.6,27.5,999,75,9.91,1.9,4.8,11.1,
1-july-2018-00:00,2-july-2018-00:00,32.6,36.2,29,997.2,68,0,1.9,11.9,22.2,
2-july-2018-00:00,3-july-2018-00:00,31.2,37.4,24.4,995.6,66,22.1,2.9,12,24.1,
3-july-2018-00:00,4-july-2018-00:00,32.1,37.8,23.6,995.7,70,0,2.3,6.3,13,
4-july-2018-00:00,5-july-2018-00:00,31.7,36.7,27.4,996.6,68,5.08,1.9,5.4,11.1,
5-july-2018-00:00,6-july-2018-00:00,32.2,36.8,28.6,997.9,69,0,1.9,4.4,11.1,
6-july-2018-00:00,7-july-2018-00:00,32.9,37.3,27.8,997.4,61,0,2.6,4.8,11.1,
7-july-2018-00:00,8-july-2018-00:00,33.7,37.8,28.2,997,59,0,1.9,3.1,14.8,
8-july-2018-00:00,9-july-2018-00:00,35.2,39.4,28.5,995.6,55,0,3.1,3.3,7.6,
9-july-2018-00:00,10-july-2018-00:00,33.4,40.1,30.8,996.1,71,0,1.9,9.4,14.8,
10-july-2018-00:00,11-july-2018-00:00,34.1,40.1,29.2,996.2,66,0,1.9,10,16.5,
11-july-2018-00:00,12-july-2018-00:00,32.3,39.1,29.6,995.6,72,0,1.9,6.5,11.1,
12-july-2018-00:00,13-july-2018-00:00,32.4,36.7,28.6,995.5,72,0,2.7,7.8,14.8,
13-july-2018-00:00,14-july-2018-00:00,29.3,37.8,26.2,996.9,85,54.1,1.9,3.7,9.4,
14-july-2018-00:00,15-july-2018-00:00,30.3,34.2,25.4,996.2,82,0,1.9,3.7,11.1,
15-july-2018-00:00,16-july-2018-00:00,31.8,35.2,27.6,996.2,77,0,1.9,5.6,11.1,
16-july-2018-00:00,17-july-2018-00:00,29.8,35.4,28.4,996.6,91,32,1.9,4.6,9.4,
17-july-2018-00:00,18-july-2018-00:00,32.6,35.6,28,996.7,73,0,2.7,1.9,5.4,
18-july-2018-00:00,19-july-2018-00:00,32.9,37.2,28.6,997.4,71,0,1.9,7.2,11.1,
19-july-2018-00:00,20-july-2018-00:00,32.8,37.3,28.8,996.9,73,0,2.6,5.2,11.1,
20-july-2018-00:00,21-july-2018-00:00,29.2,37.8,26,996.8,87,23.88,1.9,1.9,5.4,
21-july-2018-00:00,22-july-2018-00:00,29.2,33.4,27,997.3,89,7.11,1.9,2.8,7.6,
22-july-2018-00:00,23-july-2018-00:00,29,34.4,26,997.6,91,18.03,1.9,3.5,9.4,
23-july-2018-00:00,24-july-2018-00:00,30.7,34.6,26.2,997.4,79,0,1.9,4.8,11.1,
24-july-2018-00:00,25-july-2018-00:00,32.4,36.4,28.2,997.5,72,0,1.9,3.5,7.6,
25-july-2018-00:00,26-july-2018-00:00,29.5,36.7,28,997.3,84,1.02,1.9,3.9,9.4,
26-july-2018-00:00,27-july-2018-00:00,26.9,32.2,25.8,997.6,95,5.08,1.9,6.5,11.1,
27-july-2018-00:00,28-july-2018-00:00,26.7,28.7,25.2,996.7,95,45.97,1.9,3.1,13,
28-july-2018-00:00,29-july-2018-00:00,28.2,31.8,25.4,997.5,86,3.05,1.9,5.6,20.6,
29-july-2018-00:00,30-july-2018-00:00,30.3,34.4,25.4,997.6,76,5.08,2.6,6.1,11.1,
30-july-2018-00:00,31-july-2018-00:00,30.9,34.8,23,997.3,77,24.89,2.7,5.7,14.8,
31-july-2018-00:00,32-july-2018-00:00,30,34.5,27.2,997,76,0,1.9,8.3,14.8,
1-aug-2018-00:00,2-aug-2018-00:00,31.5,35,26,997,71,0.51,2.7,5,14.8,
2-aug-2018-00:00,3-aug-2018-00:00,32.1,35.6,28.2,998.3,67,0,2.3,13,22.2,
3-aug-2018-00:00,4-aug-2018-00:00,31.5,35.8,28.2,998.6,68,0,2.3,11.7,22.2,
4-aug-2018-00:00,5-aug-2018-00:00,32.3,35.4,28.2,998.3,64,0,1.9,11.9,18.3,
5-aug-2018-00:00,6-aug-2018-00:00,29.7,36,26.8,998.9,79,0,1.9,11.3,20.6,
6-aug-2018-00:00,7-aug-2018-00:00,28.2,33.2,26.6,999.2,85,3.05,1.9,0.6,3.5,
7-aug-2018-00:00,8-aug-2018-00:00,28.2,31.8,26.4,999.2,89,2.03,1.9,2.6,7.6,
8-aug-2018-00:00,9-aug-2018-00:00,30.4,33.4,26.5,999.9,83,4.06,1.9,4.6,9.4,
9-aug-2018-00:00,10-aug-2018-00:00,32,35.4,27.6,1001.8,73,0.51,2.3,4.6,14.8,
10-aug-2018-00:00,11-aug-2018-00:00,30.7,36.5,28.3,1000.1,84,0,2.3,1.9,9.4,
11-aug-2018-00:00,12-aug-2018-00:00,32.1,35.8,27.6,996.5,72,44.96,1.9,9.8,14.8,
12-aug-2018-00:00,13-aug-2018-00:00,30.4,35.3,26.8,995.4,77,1.02,1.9,5.4,9.4,
13-aug-2018-00:00,14-aug-2018-00:00,30.4,33.2,27.6,997.1,78,7.87,1.9,1.7,7.6,
14-aug-2018-00:00,15-aug-2018-00:00,30.8,34.4,27.4,997.6,80,0.51,2.3,4.3,9.4,
15-aug-2018-00:00,16-aug-2018-00:00,31.1,35.3,28.4,999.9,73,8.89,2.6,5.6,14.8,
16-aug-2018-00:00,17-aug-2018-00:00,30.6,35.6,27.6,1000.6,79,0,2.3,4.3,18.3,
17-aug-2018-00:00,18-aug-2018-00:00,31.5,35.6,27.9,998.3,78,3.05,1.9,7.4,16.5,
18-aug-2018-00:00,19-aug-2018-00:00,30.4,36.2,27.8,998.1,81,0,1.9,2,7.6,
19-aug-2018-00:00,20-aug-2018-00:00,28.5,36.3,26.6,998.4,91,5.08,1.9,0,-,
20-aug-2018-00:00,21-aug-2018-00:00,30,33.6,25.9,999.8,83,40.89,1.9,4.3,9.4,
21-aug-2018-00:00,22-aug-2018-00:00,31.7,36.4,26.2,999.2,73,0,1.9,4.6,9.4,
22-aug-2018-00:00,23-aug-2018-00:00,30.9,36.8,28.8,998.7,79,0.51,1.9,4.3,9.4,
23-aug-2018-00:00,24-aug-2018-00:00,29.6,35.8,27.2,999.8,83,5.08,2.3,8.5,13,
24-aug-2018-00:00,25-aug-2018-00:00,30.4,34,27.2,999.1,76,0,3.1,10.9,16.5,
25-aug-2018-00:00,26-aug-2018-00:00,30.3,34.4,27,998.5,73,0,2.6,11.3,24.1,
26-aug-2018-00:00,27-aug-2018-00:00,31,34.2,27,998,73,0,3.2,7.8,24.1,
27-aug-2018-00:00,28-aug-2018-00:00,29.6,34.9,26.5,999.8,83,2.03,2.6,2.6,9.4,
28-aug-2018-00:00,29-aug-2018-00:00,28.4,32.7,26,1001.3,92,50.04,1.9,3.1,11.1,
29-aug-2018-00:00,30-aug-2018-00:00,28.7,31.7,26.3,1001.9,88,11.94,1.9,0.9,3.5,
30-aug-2018-00:00,31-aug-2018-00:00,30.9,34.4,26.3,999.1,78,16,1.9,4.6,7.6,
31-aug-2018-00:00,32-aug-2018-00:00,30.9,35.1,28,1000,76,0,2.3,4.8,11.1,
1-sept-2018-00:00,2-sept-2018-00:00,27.1,34,23.5,1002.6,93,24.89,1.8,4.8,16.5,
2-sept-2018-00:00,3-sept-2018-00:00,26.7,29.4,25,1002.3,92,24.89,1.9,4.6,11.1,
3-sept-2018-00:00,4-sept-2018-00:00,26.7,29,25.6,1002.4,95,36.07,1.6,0.4,3.5,
4-sept-2018-00:00,5-sept-2018-00:00,27,29.6,25.1,1002.8,93,41.91,1.6,0.9,3.5,
5-sept-2018-00:00,6-sept-2018-00:00,28.1,30.4,23.8,1002.4,86,9.91,2.1,5.4,14.8,
6-sept-2018-00:00,7-sept-2018-00:00,30.2,35.6,25.2,1001.6,74,2.03,2.1,7,14.8,
7-sept-2018-00:00,8-sept-2018-00:00,28.3,34.6,24.6,1003.2,86,20.07,2.1,1.7,9.4,
8-sept-2018-00:00,9-sept-2018-00:00,28.7,34.1,25.5,1003.5,83,2.03,2.6,9.3,22.2,
9-sept-2018-00:00,10-sept-2018-00:00,28.6,33.6,25,1005.2,80,6.1,3.1,8.1,11.1,
10-sept-2018-00:00,11-sept-2018-00:00,28.7,32.7,24.8,1006.8,81,0,1.9,4.3,7.6,
11-sept-2018-00:00,12-sept-2018-00:00,30.2,33.8,26,1005.3,76,0,2.7,8.7,11.1,
12-sept-2018-00:00,13-sept-2018-00:00,30.4,34.3,26.5,1002.6,70,0,2.6,13,22.2,
13-sept-2018-00:00,14-sept-2018-00:00,30.3,33.6,26.5,1003.3,67,0,2.6,13,18.3,
14-sept-2018-00:00,15-sept-2018-00:00,29.5,34.4,22.2,1005.7,70,0,3.4,7,14.8,
15-sept-2018-00:00,16-sept-2018-00:00,30.6,34.6,25.5,1007.3,60,0,4,8.1,13,
16-sept-2018-00:00,17-sept-2018-00:00,29.6,34.6,25.5,1005.8,68,0,2.7,5,14.8,
17-sept-2018-00:00,18-sept-2018-00:00,-,-,-,-,-,-,-,-,-,
18-sept-2018-00:00,19-sept-2018-00:00,30.2,34.8,25.2,1004.7,61,0,3.4,4.8,14.8,
19-sept-2018-00:00,20-sept-2018-00:00,28.7,35.2,23.2,1004.7,68,0,3.4,3.1,11.1,
20-sept-2018-00:00,21-sept-2018-00:00,30,35.4,24,1005.2,66,0,2.7,2.8,7.6,
21-sept-2018-00:00,22-sept-2018-00:00,28.3,35.7,23.8,1008,75,0,2.6,9.1,14.8,
22-sept-2018-00:00,23-sept-2018-00:00,25.8,34,22.2,1008,91,26.92,1.9,10.9,18.3,
23-sept-2018-00:00,24-sept-2018-00:00,27.3,30.2,25,1007.6,86,2.03,1.9,16.5,88.9,
24-sept-2018-00:00,25-sept-2018-00:00,-,-,-,-,-,-,-,-,-,
25-sept-2018-00:00,26-sept-2018-00:00,24.2,27.8,22,1007.4,90,12.95,1.8,4.8,11.1,
26-sept-2018-00:00,27-sept-2018-00:00,27.1,32.2,22,1007.1,77,0.25,3.5,4.3,13,
27-sept-2018-00:00,28-sept-2018-00:00,28,33.2,22.6,1007.8,75,0,2.7,2.4,7.6,
28-sept-2018-00:00,29-sept-2018-00:00,29.3,35.4,23.2,1008.3,63,0,2.6,2,11.1,
29-sept-2018-00:00,30-sept-2018-00:00,28.9,35.5,23.4,1009.1,65,0,2.3,2.6,11.1,
30-sept-2018-00:00,31-sept-2018-00:00,28.1,35.2,24.2,1008.4,65,0,2.6,4.3,14.8,
1-oct-2018-00:00,2-oct-2018-00:00,28.2,34.8,22.2,1008.4,66,0,2.7,2.6,9.4,
2-oct-2018-00:00,3-oct-2018-00:00,28.7,35.2,22.5,1008.8,63,0,2.6,0.4,3.5,
3-oct-2018-00:00,4-oct-2018-00:00,28.8,35.6,22.5,1008.5,59,0,2.6,0.4,3.5,
4-oct-2018-00:00,5-oct-2018-00:00,28.6,36,23.4,1010,63,0,1.9,2.4,7.6,
5-oct-2018-00:00,6-oct-2018-00:00,27.8,35.5,22.4,1010.9,67,0,1.9,1.5,5.4,
6-oct-2018-00:00,7-oct-2018-00:00,27.1,35.2,21,1010.6,61,0,3.2,2.6,7.6,
7-oct-2018-00:00,8-oct-2018-00:00,26.4,34.6,20.2,1010,63,0,2.3,1.9,7.6,
8-oct-2018-00:00,9-oct-2018-00:00,27.5,34.8,20.1,1008.1,63,0,1.9,2,9.4,
9-oct-2018-00:00,10-oct-2018-00:00,27.8,35.3,22.4,1007.4,66,0,1.9,3.7,9.4,
10-oct-2018-00:00,11-oct-2018-00:00,28.8,35.5,23,1008,66,0,2.3,5,7.6,
11-oct-2018-00:00,12-oct-2018-00:00,25.3,34.6,20.2,1010.7,64,0,1.9,9.4,35.2,
12-oct-2018-00:00,13-oct-2018-00:00,24.8,32.3,17.5,1012.3,60,0,1.9,1.1,5.4,
13-oct-2018-00:00,14-oct-2018-00:00,23.8,32.4,16.6,1012.7,62,0,1.8,0,-,
14-oct-2018-00:00,15-oct-2018-00:00,24.2,31.8,17.3,1011.6,58,0,2.6,5.4,14.8,
15-oct-2018-00:00,16-oct-2018-00:00,25.7,32.5,17,1012.1,58,0,2.6,3,9.4,
16-oct-2018-00:00,17-oct-2018-00:00,26.2,34.2,18.5,1011,63,0,1.9,1.5,7.6,
17-oct-2018-00:00,18-oct-2018-00:00,25.6,34.4,19.2,1009.6,59,0,2.3,2.6,7.6,
18-oct-2018-00:00,19-oct-2018-00:00,27.2,34.7,18,1009.4,58,0,2.6,3.3,9.4,
19-oct-2018-00:00,20-oct-2018-00:00,27.1,34,17.8,1011,54,0,2.3,2.8,9.4,
20-oct-2018-00:00,21-oct-2018-00:00,26,33.8,17.4,1013.8,52,0,2.4,2,7.6,
21-oct-2018-00:00,22-oct-2018-00:00,24.8,32.9,17,-,54,0,2.6,3.3,13,
22-oct-2018-00:00,23-oct-2018-00:00,24.5,31,15.3,1013.1,48,0,3.1,7.4,22.2,
23-oct-2018-00:00,24-oct-2018-00:00,24.8,32,16,1013.3,49,0,2.9,2.2,5.4,
24-oct-2018-00:00,25-oct-2018-00:00,25.9,33,16.1,1013.1,54,0,2.4,2.4,7.6,
25-oct-2018-00:00,26-oct-2018-00:00,24.5,32.5,15,1014.8,58,0,2.4,2,7.6,
26-oct-2018-00:00,27-oct-2018-00:00,24.2,32.4,15.8,1016.8,59,0,2.1,0.6,5.4,
27-oct-2018-00:00,28-oct-2018-00:00,24.2,31,15.6,1016.7,62,0,1.9,2.4,9.4,
28-oct-2018-00:00,29-oct-2018-00:00,25,32,15.6,-,53,0,1.9,4.4,9.4,
29-oct-2018-00:00,30-oct-2018-00:00,24.2,32.1,15.5,1014.8,60,0,1.9,3.9,13,
30-oct-2018-00:00,31-oct-2018-00:00,24.3,31.1,16.5,1015.5,63,0,1.6,1.9,5.4,
31-oct-2018-00:00,32-oct-2018-00:00,24.1,31,16,1015.3,63,0,1.6,2.2,10.7,
